No
--
0075
0098
0125
0126
0133
0134
0136
0139
0144
0147
0148
0152
0155
0156
0157
0159
0161
0163
0164
0165
0166
0167
0168
0171
0172
0186
0188
1006
1014
1022
1047
1051
1052
1054
1057
1071
1105
1152
1173
1177
1191
1211
1216
1217
1237
1280
1290
1304
1305
1320
1331
1333
1347
1353
1358
1367
1376
1380
1391
1409
1413
1478
1531
1543
1578
1637
1647
1751
1764
1765
1771
2001
2004
2005
2009
2013
2017
2018
2021
2022
2029
2031
2032
2043
2045
2046
2047
2067
2078
2084
2088
2089
2097
2099
2100
2102
2103
2105
2106
2108
2109
2110
2111
2112
2113
2114
2115
2116
2117
3201
3203
3204
3205
3208
3209
3210
3212
3216
3225
3230
3236
3238
3242
3248
3258
3277
3281
3282
3287
3295
3296
3301
3302
3307
3313
3333
3336
3339
3341
3343
3345
3346
3347
3349
3352
3354
3356
3359
3360
3361
4045
7002
7003
7004
7005
7007
7008
7010
7019
7020
7021
7022
7024
7025
7028
7029
7038
7042
7050
7054
7060
7081
7082
7090
7095
7097
7100
7103
7106
7109
7113
7114
7117
7133
7134
7144
7148
7161
7171
7181
7197
7213
7219
7248
7254
8002
8003
8004
8006
8013
8015
8017
8018
8020
8021
8023
8024
8025
8030
8034
8046
8047
8048
8051
8052
8054
8055
8057
8062
8066
8069
8072
8076
8078
