No
--
0005
0009
0011
0014
0017
0022
0023
0024
0028
0029
0030
0032
0033
0034
0038
0039
0040
0041
0043
0045
0050
0052
0057
0059
0060
0061
0062
0063
0067
0069
0071
0072
0075
0077
0080
0081
0082
0085
0089
0091
0095
0096
0101
0102
0103
0104
0106
0108
0112
0113
0114
0115
0117
0119
0120
0121
0123
0124
0130
0135
0137
0140
0141
0142
0151
0158
0162
0164
0166
0169
0177
0179
0182
0185
1052
1627
1673
1677
1771
2003
2011
2020
2021
2027
2028
2033
2057
2059
2072
2077
2081
2083
2090
2092
2095
2102
2116
2130
3336
3347
3349
3356
4006
7042
7097
7116
7200
7208
7232
8028
8044
