# File generated by CMD 3.3 (http://stev.oapd.inaf.it/cmd) on Wed Dec  4 02:50:38 CET 2019
# isochrones based on PARSEC release v1.2S
# Basic references: Bressan et al. (2012), MNRAS, 427, 127 + Chen et al. (2014, 2015), MNRAS, 444, 2525 + MNRAS, 452, 1068 + Tang et al. (2014), MNRAS, 445, 4287
# On RGB, assumed Reimers mass loss with efficiency eta=0.2
# Photometric system: <i>UBVRIJHK</i> (cf. Maiz-Apellaniz 2006 + Bessell 1990)
# Attention: photometry includes extinction of Av=0.2, with coefficients derived star-by-star, for Cardelli et al 89 + O'Donnell 94 Rv=3.1 extinction curve.
# Using YBC version of bolometric corrections as in Chen et al. (2019)
# O-rich circumstellar dpmod60alox40 dust from Groenewegen (2006)
# C-rich circumstellar AMCSIC15 dust from Groenewegen (2006)
# IMF: Kroupa (2001, 2002) + Kroupa et al. (2013) canonical two-part-power law IMF corrected for unresolved binaries 
# Kind of output: isochrone tables
# Zini     MH   logAge Mini        int_IMF         Mass   logL    logTe  logg  label 	 mbolmag  Umag    Bmag    Vmag    Rmag    Imag    Jmag    Hmag    Kmag
0.01471 0.00000 9.87506 0.0900000036 1.0816895962    0.090 -3.422  3.3633  5.219    1 13.324 22.913 20.215 18.334 16.121 13.848 11.304 10.672 10.374
0.01471 0.00000 9.87506 0.1000000015 1.1711064577    0.100 -3.238  3.3895  5.186    1 12.865 22.391 19.729 17.857 15.656 13.389 10.846 10.215 9.913
0.01471 0.00000 9.87506 0.1200000048 1.3193155527    0.120 -2.971  3.4248  5.140    1 12.199 21.216 18.736 16.902 14.813 12.617 10.199 9.568 9.259
0.01471 0.00000 9.87506 0.1400000006 1.4384527206    0.140 -2.789  3.4447  5.103    1 11.742 19.706 17.545 15.796 13.940 11.910 9.790 9.156 8.846
0.01471 0.00000 9.87506 0.1599999964 1.5372931957    0.160 -2.647  3.4582  5.074    1 11.389 18.698 16.727 15.023 13.317 11.408 9.470 8.834 8.527
0.01471 0.00000 9.87506 0.2000000030 1.6938791275    0.200 -2.429  3.4770  5.028    1 10.843 17.365 15.610 13.963 12.441 10.697 8.970 8.332 8.034
0.01471 0.00000 9.87506 0.2500000000 1.8403258324    0.250 -2.219  3.4933  4.980    1 10.318 16.258 14.650 13.036 11.649 10.057 8.486 7.846 7.558
0.01471 0.00000 9.87506 0.3000000119 1.9529139996    0.300 -2.056  3.5038  4.938    1 9.909 15.529 13.998 12.418 11.102 9.591 8.101 7.458 7.179
0.01471 0.00000 9.87506 0.3500000238 2.0434176922    0.350 -1.905  3.5124  4.889    1 9.533 14.914 13.439 11.885 10.623 9.175 7.745 7.098 6.826
0.01471 0.00000 9.87506 0.4000000358 2.1185026169    0.400 -1.761  3.5235  4.847    1 9.172 14.300 12.871 11.345 10.141 8.769 7.411 6.757 6.495
0.01471 0.00000 9.87506 0.4500000179 2.1822810173    0.450 -1.611  3.5358  4.797    1 8.797 13.691 12.292 10.794 9.646 8.354 7.067 6.404 6.151
0.01471 0.00000 9.87506 0.5000000000 2.2374541759    0.500 -1.453  3.5511  4.746    1 8.402 13.062 11.674 10.203 9.112 7.918 6.710 6.037 5.795
0.01471 0.00000 9.87506 0.5250934958 2.2619073391    0.525 -1.364  3.5613  4.719    1 8.179 12.709 11.316 9.856 8.798 7.672 6.515 5.835 5.602
0.01471 0.00000 9.87506 0.5500000119 2.2836582661    0.550 -1.279  3.5710  4.693    1 7.968 12.383 10.980 9.529 8.500 7.442 6.331 5.642 5.420
0.01471 0.00000 9.87506 0.5713286996 2.3005619049    0.571 -1.204  3.5818  4.678    1 7.780 12.078 10.663 9.224 8.223 7.238 6.173 5.476 5.266
0.01471 0.00000 9.87506 0.6000000238 2.3211214542    0.600 -1.108  3.5956  4.658    1 7.539 11.698 10.264 8.849 7.881 6.982 5.967 5.259 5.071
0.01471 0.00000 9.87506 0.6435074210 2.3483324051    0.643 -0.955  3.6217  4.641    1 7.159 11.050 9.582 8.241 7.337 6.578 5.646 4.937 4.789
0.01471 0.00000 9.87506 0.6499999762 2.3520355225    0.650 -0.934  3.6255  4.638    1 7.104 10.950 9.479 8.153 7.259 6.521 5.600 4.894 4.752
0.01471 0.00000 9.87506 0.7000000477 2.3779268265    0.700 -0.765  3.6558  4.623    1 6.682 9.982 8.653 7.465 6.672 6.081 5.260 4.605 4.499
0.01471 0.00000 9.87506 0.7089517117 2.3821210861    0.709 -0.735  3.6611  4.620    1 6.608 9.783 8.506 7.346 6.574 6.003 5.201 4.562 4.460
0.01471 0.00000 9.87506 0.7390447855 2.3953688145    0.739 -0.637  3.6786  4.610    1 6.361 9.129 8.042 6.969 6.268 5.747 5.008 4.428 4.335
0.01471 0.00000 9.87506 0.7500000000 2.3998889923    0.750 -0.601  3.6848  4.605    1 6.273 8.912 7.886 6.841 6.163 5.657 4.939 4.378 4.288
0.01471 0.00000 9.87506 0.7698094845 2.4076881409    0.770 -0.540  3.6939  4.592    1 6.119 8.569 7.637 6.632 5.989 5.502 4.815 4.281 4.196
0.01471 0.00000 9.87506 0.7954584360 2.4171259403    0.795 -0.461  3.7055  4.573    1 5.922 8.138 7.328 6.373 5.770 5.307 4.658 4.158 4.079
0.01471 0.00000 9.87506 0.8000000119 2.4187245369    0.800 -0.447  3.7075  4.570    1 5.887 8.064 7.275 6.328 5.732 5.272 4.631 4.137 4.058
0.01471 0.00000 9.87506 0.8103638291 2.4222958088    0.810 -0.415  3.7119  4.562    1 5.808 7.901 7.157 6.227 5.646 5.194 4.567 4.086 4.009
0.01471 0.00000 9.87506 0.8336469531 2.4299476147    0.833 -0.344  3.7216  4.541    1 5.630 7.543 6.897 6.007 5.456 5.022 4.426 3.970 3.898
0.01471 0.00000 9.87506 0.8500000238 2.4350347519    0.850 -0.294  3.7282  4.526    1 5.505 7.305 6.724 5.858 5.325 4.901 4.325 3.888 3.817
0.01471 0.00000 9.87506 0.8532322049 2.4360136986    0.853 -0.284  3.7295  4.523    1 5.481 7.259 6.690 5.828 5.300 4.877 4.305 3.871 3.801
0.01471 0.00000 9.87506 0.8748574853 2.4423501492    0.874 -0.218  3.7375  4.499    1 5.314 6.958 6.463 5.634 5.128 4.719 4.172 3.759 3.692
0.01471 0.00000 9.87506 0.8951841593 2.4479863644    0.895 -0.155  3.7447  4.475    1 5.158 6.676 6.254 5.454 4.970 4.573 4.047 3.650 3.587
0.01471 0.00000 9.87506 0.8999999762 2.4492788315    0.899 -0.140  3.7463  4.469    1 5.121 6.609 6.205 5.413 4.933 4.538 4.017 3.624 3.562
0.01471 0.00000 9.87506 0.9020283818 2.4498183727    0.901 -0.134  3.7470  4.467    1 5.105 6.582 6.185 5.395 4.917 4.524 4.004 3.613 3.551
0.01471 0.00000 9.87506 0.9142984748 2.4530241489    0.914 -0.095  3.7509  4.450    1 5.009 6.420 6.062 5.288 4.821 4.434 3.925 3.543 3.483
0.01471 0.00000 9.87506 0.9261655211 2.4560317993    0.926 -0.058  3.7545  4.432    1 4.915 6.270 5.946 5.186 4.729 4.347 3.848 3.474 3.416
0.01471 0.00000 9.87506 0.9479784369 2.4613349438    0.947  0.011  3.7606  4.398    1 4.742 6.002 5.732 4.999 4.558 4.185 3.703 3.343 3.287
0.01471 0.00000 9.87506 0.9499999881 2.4618122578    0.950  0.018  3.7612  4.394    1 4.725 5.978 5.712 4.981 4.542 4.170 3.689 3.331 3.275
0.01471 0.00000 9.87506 0.9584422112 2.4637806416    0.958  0.045  3.7633  4.379    1 4.656 5.880 5.630 4.908 4.474 4.106 3.631 3.277 3.222
0.01471 0.00000 9.87506 0.9771324992 2.4679996967    0.977  0.107  3.7675  4.343    1 4.503 5.667 5.450 4.746 4.323 3.962 3.498 3.153 3.101
0.01471 0.00000 9.87506 0.9948655367 2.4718344212    0.995  0.164  3.7707  4.307    1 4.360 5.482 5.287 4.597 4.183 3.827 3.371 3.033 2.982
0.01471 0.00000 9.87506 1.0000000000 2.4729156494    1.000  0.181  3.7714  4.295    1 4.319 5.430 5.240 4.554 4.142 3.787 3.333 2.997 2.946
0.01471 0.00000 9.87506 1.0121659040 2.4754271507    1.012  0.221  3.7729  4.266    1 4.217 5.309 5.129 4.450 4.042 3.689 3.239 2.907 2.857
0.01471 0.00000 9.87506 1.0245145559 2.4779062271    1.024  0.265  3.7744  4.233    1 4.106 5.180 5.008 4.337 3.932 3.582 3.136 2.807 2.757
0.01471 0.00000 9.87506 1.0339014530 2.4797453880    1.034  0.301  3.7750  4.204    1 4.019 5.084 4.916 4.248 3.845 3.497 3.052 2.724 2.675
0.01471 0.00000 9.87506 1.0430157185 2.4814946651    1.043  0.336  3.7751  4.173    1 3.931 4.994 4.826 4.159 3.757 3.409 2.964 2.637 2.588
0.01471 0.00000 9.87506 1.0499999523 2.4828116894    1.050  0.364  3.7748  4.146    1 3.861 4.928 4.759 4.090 3.688 3.339 2.893 2.565 2.516
0.01471 0.00000 9.87506 1.0517861843 2.4831452370    1.051  0.371  3.7746  4.140    1 3.843 4.911 4.741 4.072 3.670 3.321 2.875 2.546 2.497
0.01471 0.00000 9.87506 1.0615960360 2.4849541187    1.061  0.411  3.7734  4.098    1 3.742 4.825 4.646 3.973 3.568 3.217 2.767 2.436 2.386
0.01471 0.00000 9.87506 1.0700304508 2.4864790440    1.069  0.447  3.7704  4.054    2 3.652 4.768 4.573 3.888 3.476 3.121 2.663 2.326 2.275
0.01471 0.00000 9.87506 1.0776551962 2.4878337383    1.077  0.478  3.7654  4.006    2 3.575 4.751 4.525 3.819 3.397 3.034 2.563 2.214 2.161
0.01471 0.00000 9.87506 1.0845797062 2.4890453815    1.084  0.499  3.7567  3.952    2 3.522 4.811 4.526 3.784 3.342 2.964 2.469 2.100 2.043
0.01471 0.00000 9.87506 1.0888934135 2.4897911549    1.088  0.503  3.7470  3.912    2 3.513 4.938 4.579 3.799 3.333 2.940 2.417 2.025 1.963
0.01471 0.00000 9.87506 1.0915292501 2.4902434349    1.091  0.497  3.7377  3.881    2 3.527 5.087 4.654 3.839 3.351 2.944 2.393 1.978 1.914
0.01471 0.00000 9.87506 1.0933815241 2.4905598164    1.093  0.489  3.7290  3.855    2 3.547 5.235 4.734 3.886 3.377 2.956 2.379 1.941 1.873
0.01471 0.00000 9.87506 1.0951405764 2.4908590317    1.094  0.486  3.7199  3.823    2 3.554 5.385 4.809 3.926 3.394 2.957 2.351 1.889 1.818
0.01471 0.00000 9.87506 1.0972537994 2.4912171364    1.096  0.499  3.7101  3.771    2 3.522 5.516 4.854 3.934 3.376 2.922 2.283 1.792 1.717
0.01471 0.00000 9.87506 1.0991312265 2.4915339947    1.098  0.528  3.7031  3.715    2 3.449 5.563 4.839 3.892 3.315 2.849 2.186 1.675 1.597
0.01471 0.00000 9.87506 1.0996586084 2.4916229248    1.099  0.539  3.7015  3.697    2 3.421 5.562 4.825 3.872 3.290 2.821 2.152 1.637 1.558
0.01471 0.00000 9.87506 1.1000000238 2.4916803837    1.099  0.549  3.7007  3.685    2 3.398 5.551 4.808 3.852 3.269 2.797 2.126 1.609 1.530
0.01471 0.00000 9.87506 1.1001741886 2.4917094707    1.100  0.553  3.7003  3.679    2 3.386 5.545 4.800 3.842 3.257 2.785 2.113 1.594 1.515
0.01471 0.00000 9.87506 1.1016478539 2.4919567108    1.101  0.598  3.6974  3.623    3 3.274 5.482 4.713 3.744 3.152 2.674 1.991 1.464 1.383
0.01471 0.00000 9.87506 1.1028233767 2.4921536446    1.102  0.639  3.6955  3.575    3 3.172 5.409 4.627 3.650 3.054 2.573 1.883 1.350 1.268
0.01471 0.00000 9.87506 1.1041914225 2.4923818111    1.104  0.691  3.6937  3.516    3 3.041 5.305 4.511 3.528 2.928 2.443 1.747 1.207 1.125
0.01471 0.00000 9.87506 1.1052030325 2.4925503731    1.105  0.734  3.6924  3.469    3 2.935 5.220 4.416 3.427 2.824 2.337 1.635 1.092 1.010
0.01471 0.00000 9.87506 1.1063367128 2.4927384853    1.106  0.786  3.6909  3.412    3 2.806 5.118 4.301 3.304 2.698 2.208 1.501 0.954 0.871
0.01471 0.00000 9.87506 1.1072018147 2.4928820133    1.107  0.829  3.6897  3.364    3 2.698 5.033 4.205 3.202 2.593 2.101 1.389 0.839 0.755
0.01471 0.00000 9.87506 1.1080099344 2.4930157661    1.107  0.872  3.6885  3.316    3 2.590 4.949 4.110 3.100 2.488 1.993 1.277 0.723 0.639
0.01471 0.00000 9.87506 1.1087125540 2.4931318760    1.108  0.913  3.6872  3.270    3 2.487 4.869 4.020 3.004 2.389 1.890 1.170 0.613 0.528
0.01471 0.00000 9.87506 1.1095567942 2.4932711124    1.109  0.967  3.6855  3.210    3 2.354 4.769 3.904 2.879 2.259 1.757 1.031 0.469 0.383
0.01471 0.00000 9.87506 1.1101444960 2.4933679104    1.109  1.007  3.6842  3.165    3 2.252 4.695 3.817 2.785 2.162 1.657 0.925 0.359 0.273
0.01471 0.00000 9.87506 1.1108249426 2.4934797287    1.110  1.058  3.6823  3.106    3 2.125 4.604 3.708 2.667 2.039 1.530 0.791 0.220 0.133
0.01471 0.00000 9.87506 1.1113318205 2.4935631752    1.111  1.100  3.6807  3.059    3 2.021 4.532 3.620 2.571 1.939 1.427 0.682 0.106 0.018
0.01471 0.00000 9.87506 1.1119004488 2.4936563969    1.111  1.150  3.6787  3.000    3 1.894 4.448 3.516 2.456 1.818 1.301 0.549 -0.034 -0.123
0.01471 0.00000 9.87506 1.1124243736 2.4937422276    1.112  1.202  3.6764  2.939    3 1.764 4.364 3.409 2.339 1.694 1.173 0.412 -0.177 -0.267
0.01471 0.00000 9.87506 1.1128785610 2.4938166142    1.112  1.252  3.6742  2.881    3 1.640 4.286 3.308 2.228 1.577 1.051 0.281 -0.315 -0.406
0.01471 0.00000 9.87506 1.1132941246 2.4938845634    1.113  1.302  3.6719  2.822    3 1.515 4.208 3.207 2.116 1.459 0.927 0.149 -0.454 -0.547
0.01471 0.00000 9.87506 1.1136788130 2.4939475060    1.113  1.353  3.6695  2.761    3 1.388 4.132 3.106 2.003 1.339 0.802 0.015 -0.596 -0.690
0.01471 0.00000 9.87506 1.1140139103 2.4940023422    1.113  1.401  3.6670  2.704    3 1.268 4.064 3.012 1.898 1.227 0.685 -0.112 -0.730 -0.826
0.01471 0.00000 9.87506 1.1143354177 2.4940547943    1.114  1.451  3.6645  2.644    3 1.143 3.994 2.916 1.790 1.111 0.563 -0.244 -0.870 -0.967
0.01471 0.00000 9.87506 1.1146271229 2.4941022396    1.114  1.498  3.6619  2.586    3 1.024 3.929 2.824 1.686 1.000 0.446 -0.370 -1.004 -1.104
0.01471 0.00000 9.87506 1.1149135828 2.4941489697    1.114  1.545  3.6594  2.530    3 0.909 3.868 2.737 1.587 0.894 0.334 -0.492 -1.134 -1.235
0.01471 0.00000 9.87506 1.1152865887 2.4942097664    1.115  1.587  3.6572  2.478    3 0.802 3.819 2.658 1.496 0.795 0.230 -0.606 -1.254 -1.357
0.01471 0.00000 9.87506 1.1155093908 2.4942460060    1.115  1.555  3.6594  2.520    3 0.883 3.842 2.711 1.561 0.868 0.308 -0.519 -1.160 -1.261
0.01471 0.00000 9.87506 1.1156537533 2.4942696095    1.115  1.519  3.6617  2.565    3 0.971 3.880 2.774 1.635 0.949 0.394 -0.423 -1.058 -1.157
0.01471 0.00000 9.87506 1.1156853437 2.4942748547    1.115  1.511  3.6623  2.576    3 0.993 3.890 2.790 1.653 0.969 0.416 -0.400 -1.032 -1.132
0.01471 0.00000 9.87506 1.1157709360 2.4942886829    1.115  1.528  3.6613  2.555    3 0.950 3.868 2.757 1.616 0.929 0.374 -0.446 -1.081 -1.181
0.01471 0.00000 9.87506 1.1159976721 2.4943256378    1.115  1.576  3.6586  2.496    3 0.830 3.809 2.668 1.514 0.818 0.257 -0.574 -1.218 -1.320
0.01471 0.00000 9.87506 1.1162211895 2.4943618774    1.116  1.624  3.6558  2.437    3 0.710 3.770 2.587 1.414 0.708 0.140 -0.701 -1.353 -1.457
0.01471 0.00000 9.87506 1.1164289713 2.4943957329    1.116  1.671  3.6530  2.379    3 0.592 3.734 2.507 1.316 0.600 0.025 -0.827 -1.488 -1.593
0.01471 0.00000 9.87506 1.1166166067 2.4944262505    1.116  1.717  3.6503  2.322    3 0.477 3.701 2.431 1.221 0.494 -0.088 -0.951 -1.619 -1.726
0.01471 0.00000 9.87506 1.1167894602 2.4944541454    1.116  1.763  3.6474  2.265    3 0.363 3.673 2.357 1.128 0.391 -0.199 -1.073 -1.750 -1.859
0.01471 0.00000 9.87506 1.1169514656 2.4944806099    1.116  1.810  3.6445  2.206    3 0.246 3.646 2.283 1.035 0.287 -0.312 -1.198 -1.883 -1.995
0.01471 0.00000 9.87506 1.1170953512 2.4945039749    1.116  1.855  3.6417  2.150    3 0.133 3.622 2.213 0.945 0.186 -0.420 -1.318 -2.012 -2.126
0.01471 0.00000 9.87506 1.1172297001 2.4945256710    1.117  1.900  3.6388  2.093    3 0.020 3.599 2.144 0.856 0.086 -0.529 -1.439 -2.142 -2.258
0.01471 0.00000 9.87506 1.1173518896 2.4945454597    1.117  1.944  3.6359  2.037    3 -0.091 3.581 2.078 0.771 -0.011 -0.636 -1.558 -2.270 -2.388
0.01471 0.00000 9.87506 1.1174638271 2.4945635796    1.117  1.989  3.6329  1.981    3 -0.203 3.554 2.013 0.685 -0.107 -0.742 -1.676 -2.396 -2.517
0.01471 0.00000 9.87506 1.1175665855 2.4945802689    1.117  2.033  3.6299  1.924    3 -0.314 3.508 1.948 0.596 -0.203 -0.846 -1.793 -2.517 -2.643
0.01471 0.00000 9.87506 1.1176596880 2.4945952892    1.117  2.077  3.6269  1.869    3 -0.423 3.461 1.885 0.512 -0.294 -0.947 -1.908 -2.636 -2.767
0.01471 0.00000 9.87506 1.1177457571 2.4946093559    1.117  2.121  3.6239  1.813    3 -0.532 3.412 1.822 0.427 -0.386 -1.048 -2.022 -2.755 -2.892
0.01471 0.00000 9.87506 1.1178239584 2.4946219921    1.117  2.164  3.6208  1.758    3 -0.640 3.362 1.759 0.344 -0.476 -1.147 -2.135 -2.872 -3.015
0.01471 0.00000 9.87506 1.1178958416 2.4946336746    1.117  2.207  3.6178  1.703    3 -0.746 3.310 1.697 0.263 -0.563 -1.245 -2.247 -2.988 -3.137
0.01471 0.00000 9.87506 1.1179631948 2.4946446419    1.117  2.250  3.6147  1.647    3 -0.854 3.256 1.635 0.182 -0.651 -1.343 -2.359 -3.105 -3.261
0.01471 0.00000 9.87506 1.1180231571 2.4946541786    1.117  2.291  3.6116  1.593    3 -0.958 3.206 1.575 0.105 -0.734 -1.436 -2.468 -3.218 -3.380
0.01471 0.00000 9.87506 1.1180804968 2.4946634769    1.117  2.334  3.6084  1.538    3 -1.065 3.153 1.514 0.028 -0.820 -1.532 -2.579 -3.335 -3.504
0.01471 0.00000 9.87506 1.1181312799 2.4946718216    1.117  2.375  3.6053  1.485    3 -1.167 3.115 1.460 -0.041 -0.898 -1.624 -2.687 -3.449 -3.624
0.01471 0.00000 9.87506 1.1181782484 2.4946794510    1.117  2.416  3.6021  1.431    3 -1.269 3.116 1.414 -0.105 -0.975 -1.717 -2.796 -3.566 -3.746
0.01471 0.00000 9.87506 1.1182228327 2.4946866035    1.118  2.457  3.5989  1.377    3 -1.373 3.114 1.369 -0.168 -1.053 -1.813 -2.907 -3.686 -3.871
0.01471 0.00000 9.87506 1.1182625294 2.4946930408    1.118  2.497  3.5957  1.324    3 -1.472 3.111 1.329 -0.222 -1.121 -1.903 -3.014 -3.802 -3.991
0.01471 0.00000 9.87506 1.1182996035 2.4946990013    1.118  2.537  3.5925  1.272    3 -1.572 3.110 1.290 -0.277 -1.190 -1.993 -3.121 -3.918 -4.113
0.01471 0.00000 9.87506 1.1183341742 2.4947047234    1.118  2.577  3.5892  1.219    3 -1.672 3.108 1.252 -0.329 -1.257 -2.084 -3.229 -4.034 -4.234
0.01471 0.00000 9.87506 1.1183646917 2.4947094917    1.118  2.614  3.5860  1.168    3 -1.766 3.106 1.223 -0.369 -1.314 -2.167 -3.331 -4.145 -4.349
0.01471 0.00000 9.87506 1.1183938980 2.4947142601    1.118  2.653  3.5827  1.116    3 -1.862 3.105 1.194 -0.411 -1.371 -2.253 -3.435 -4.257 -4.467
0.01471 0.00000 9.87506 1.1184213161 2.4947187901    1.118  2.691  3.5793  1.064    3 -1.958 3.103 1.167 -0.449 -1.427 -2.338 -3.539 -4.370 -4.585
0.01471 0.00000 9.87506 1.1184458733 2.4947226048    1.118  2.728  3.5760  1.015    3 -2.049 3.099 1.150 -0.471 -1.467 -2.416 -3.639 -4.478 -4.698
0.01471 0.00000 9.87506 1.1184744835 2.4947273731    1.118  2.773  3.5718  0.952    3 -2.163 3.100 1.135 -0.495 -1.517 -2.513 -3.764 -4.613 -4.840
0.01471 0.00000 9.87506 1.1185007095 2.4947316647    1.118  2.818  3.5676  0.891    3 -2.275 3.101 1.130 -0.503 -1.554 -2.606 -3.889 -4.746 -4.980
0.01471 0.00000 9.87506 1.1185245514 2.4947354794    1.118  2.862  3.5633  0.830    3 -2.384 3.100 1.134 -0.498 -1.581 -2.694 -4.011 -4.877 -5.117
0.01471 0.00000 9.87506 1.1185467243 2.4947390556    1.118  2.905  3.5590  0.769    3 -2.493 3.099 1.144 -0.486 -1.603 -2.780 -4.133 -5.007 -5.255
0.01471 0.00000 9.87506 1.1185671091 2.4947423935    1.118  2.948  3.5547  0.709    3 -2.600 3.097 1.171 -0.450 -1.609 -2.857 -4.252 -5.135 -5.390
0.01471 0.00000 9.87506 1.1185855865 2.4947452545    1.118  2.989  3.5504  0.651    3 -2.702 3.097 1.200 -0.412 -1.612 -2.931 -4.368 -5.259 -5.521
0.01471 0.00000 9.87506 1.1186031103 2.4947481155    1.118  3.030  3.5460  0.592    3 -2.805 3.095 1.253 -0.343 -1.596 -2.992 -4.485 -5.383 -5.652
0.01471 0.00000 9.87506 1.1186190844 2.4947507381    1.118  3.070  3.5416  0.535    3 -2.905 3.096 1.310 -0.267 -1.574 -3.049 -4.598 -5.504 -5.781
0.01471 0.00000 9.87506 1.1186337471 2.4947531223    1.118  3.109  3.5373  0.478    3 -3.003 3.096 1.385 -0.171 -1.541 -3.093 -4.711 -5.623 -5.907
0.01471 0.00000 9.87506 1.1186475754 2.4947552681    1.118  3.148  3.5329  0.422    3 -3.099 3.098 1.476 -0.055 -1.497 -3.130 -4.822 -5.740 -6.033
0.01471 0.00000 9.87506 1.1186604500 2.4947574139    1.118  3.186  3.5284  0.367    3 -3.194 3.100 1.577 0.073 -1.445 -3.154 -4.933 -5.855 -6.157
0.01471 0.00000 9.87506 1.1186722517 2.4947593212    1.118  3.222  3.5240  0.312    3 -3.285 3.103 1.702 0.230 -1.376 -3.156 -5.040 -5.967 -6.277
0.01471 0.00000 9.87506 1.1186833382 2.4947612286    1.118  3.258  3.5196  0.259    3 -3.375 3.109 1.836 0.397 -1.301 -3.152 -5.145 -6.076 -6.396
0.01471 0.00000 9.87506 1.1186937094 2.4947628975    1.118  3.293  3.5152  0.206    3 -3.463 3.115 2.001 0.611 -1.196 -3.111 -5.247 -6.183 -6.512
0.01471 0.00000 9.87506 1.1187033653 2.4947643280    1.118  3.328  3.5108  0.154    3 -3.549 3.124 2.168 0.828 -1.088 -3.068 -5.347 -6.288 -6.626
0.01471 0.00000 9.87506 1.1187126637 2.4947657585    1.118  3.361  3.5064  0.103    3 -3.633 3.123 2.303 1.004 -1.002 -3.031 -5.446 -6.391 -6.737
0.01471 0.00000 9.87506 1.1187241077 2.4947676659    1.118  3.401  3.5013  0.043    3 -3.732 3.124 2.469 1.217 -0.896 -2.979 -5.561 -6.510 -6.867
0.01471 0.00000 9.87506 1.1187241077 2.4947676659    1.118  1.711  3.6701  2.408    4 0.491 3.227 2.207 1.093 0.440 -0.094 -0.882 -1.485 -1.580
0.01471 0.00000 9.87506 1.1188492775 2.4947879314    1.118  1.721  3.6693  2.394    4 0.466 3.224 2.192 1.073 0.417 -0.119 -0.909 -1.515 -1.610
0.01471 0.00000 9.87506 1.1189775467 2.4948086739    1.118  1.726  3.6691  2.389    4 0.455 3.220 2.184 1.064 0.407 -0.130 -0.921 -1.528 -1.623
0.01471 0.00000 9.87506 1.1191097498 2.4948301315    1.118  1.726  3.6693  2.390    4 0.456 3.214 2.182 1.063 0.407 -0.130 -0.920 -1.526 -1.621
0.01471 0.00000 9.87506 1.1192409992 2.4948513508    1.119  1.724  3.6697  2.394    4 0.460 3.208 2.181 1.064 0.410 -0.126 -0.915 -1.519 -1.614
0.01471 0.00000 9.87506 1.1193726063 2.4948725700    1.119  1.722  3.6702  2.398    4 0.465 3.203 2.181 1.067 0.414 -0.121 -0.908 -1.511 -1.605
0.01471 0.00000 9.87506 1.1195067167 2.4948942661    1.119  1.720  3.6706  2.402    4 0.471 3.198 2.182 1.070 0.418 -0.115 -0.901 -1.502 -1.597
0.01471 0.00000 9.87506 1.1196402311 2.4949157238    1.119  1.717  3.6711  2.406    4 0.476 3.193 2.182 1.073 0.422 -0.110 -0.894 -1.494 -1.588
0.01471 0.00000 9.87506 1.1197696924 2.4949367046    1.119  1.715  3.6715  2.409    4 0.481 3.188 2.183 1.075 0.426 -0.105 -0.888 -1.487 -1.581
0.01471 0.00000 9.87506 1.1198977232 2.4949572086    1.119  1.714  3.6718  2.413    4 0.486 3.183 2.183 1.077 0.430 -0.101 -0.882 -1.480 -1.574
0.01471 0.00000 9.87506 1.1200360060 2.4949796200    1.119  1.712  3.6722  2.416    4 0.490 3.179 2.183 1.079 0.433 -0.098 -0.877 -1.474 -1.568
0.01471 0.00000 9.87506 1.1201622486 2.4949998856    1.119  1.711  3.6725  2.418    4 0.493 3.175 2.182 1.080 0.435 -0.095 -0.873 -1.469 -1.562
0.01471 0.00000 9.87506 1.1203061342 2.4950232506    1.120  1.710  3.6728  2.421    4 0.496 3.170 2.182 1.081 0.437 -0.092 -0.869 -1.464 -1.557
0.01471 0.00000 9.87506 1.1204466820 2.4950459003    1.120  1.709  3.6731  2.423    4 0.498 3.166 2.181 1.082 0.438 -0.090 -0.866 -1.460 -1.553
0.01471 0.00000 9.87506 1.1205203533 2.4950575829    1.120  1.708  3.6733  2.424    4 0.499 3.163 2.180 1.082 0.439 -0.089 -0.865 -1.458 -1.551
0.01471 0.00000 9.87506 1.1205784082 2.4950671196    1.120  1.708  3.6734  2.424    4 0.500 3.162 2.180 1.082 0.440 -0.088 -0.864 -1.457 -1.550
0.01471 0.00000 9.87506 1.1207084656 2.4950881004    1.120  1.708  3.6736  2.426    4 0.501 3.158 2.179 1.082 0.440 -0.087 -0.862 -1.455 -1.547
0.01471 0.00000 9.87506 1.1208356619 2.4951083660    1.120  1.707  3.6737  2.427    4 0.502 3.155 2.178 1.082 0.440 -0.086 -0.860 -1.453 -1.545
0.01471 0.00000 9.87506 1.1209671497 2.4951295853    1.120  1.707  3.6739  2.428    4 0.502 3.151 2.176 1.081 0.440 -0.087 -0.860 -1.452 -1.544
0.01471 0.00000 9.87506 1.1210917234 2.4951496124    1.120  1.708  3.6740  2.428    4 0.501 3.148 2.174 1.079 0.439 -0.087 -0.860 -1.452 -1.544
0.01471 0.00000 9.87506 1.1212220192 2.4951705933    1.120  1.708  3.6741  2.427    4 0.499 3.145 2.172 1.077 0.437 -0.089 -0.862 -1.453 -1.545
0.01471 0.00000 9.87506 1.1213518381 2.4951915741    1.121  1.709  3.6741  2.427    4 0.497 3.143 2.170 1.075 0.435 -0.091 -0.864 -1.455 -1.548
0.01471 0.00000 9.87506 1.1214468479 2.4952068329    1.121  1.710  3.6741  2.426    4 0.495 3.141 2.167 1.073 0.433 -0.094 -0.866 -1.458 -1.550
0.01471 0.00000 9.87506 1.1215034723 2.4952158928    1.121  1.711  3.6740  2.425    4 0.493 3.140 2.166 1.071 0.431 -0.095 -0.868 -1.460 -1.552
0.01471 0.00000 9.87506 1.1216310263 2.4952363968    1.121  1.713  3.6740  2.423    4 0.488 3.138 2.162 1.067 0.426 -0.100 -0.873 -1.465 -1.557
0.01471 0.00000 9.87506 1.1217530966 2.4952559471    1.121  1.715  3.6738  2.420    4 0.482 3.136 2.158 1.062 0.421 -0.106 -0.880 -1.471 -1.564
0.01471 0.00000 9.87506 1.1218757629 2.4952757359    1.121  1.718  3.6736  2.416    4 0.475 3.134 2.154 1.056 0.414 -0.113 -0.887 -1.480 -1.573
0.01471 0.00000 9.87506 1.1219983101 2.4952955246    1.121  1.722  3.6733  2.411    4 0.466 3.132 2.148 1.049 0.406 -0.122 -0.897 -1.491 -1.584
0.01471 0.00000 9.87506 1.1221201420 2.4953150749    1.121  1.726  3.6729  2.406    4 0.455 3.131 2.141 1.040 0.396 -0.133 -0.910 -1.504 -1.597
0.01471 0.00000 9.87506 1.1222403049 2.4953343868    1.122  1.731  3.6725  2.398    4 0.442 3.129 2.134 1.029 0.384 -0.146 -0.924 -1.520 -1.613
0.01471 0.00000 9.87506 1.1223596334 2.4953534603    1.122  1.737  3.6720  2.391    4 0.427 3.128 2.125 1.018 0.371 -0.160 -0.941 -1.538 -1.631
0.01471 0.00000 9.87506 1.1224802732 2.4953727722    1.122  1.744  3.6713  2.381    4 0.410 3.126 2.115 1.004 0.355 -0.177 -0.960 -1.559 -1.653
0.01471 0.00000 9.87506 1.1226028204 2.4953925610    1.122  1.753  3.6705  2.369    4 0.388 3.126 2.103 0.987 0.335 -0.199 -0.985 -1.586 -1.681
0.01471 0.00000 9.87506 1.1227155924 2.4954106808    1.122  1.752  3.6707  2.370    4 0.390 3.123 2.103 0.988 0.336 -0.197 -0.983 -1.584 -1.678
0.01471 0.00000 9.87506 1.1228380203 2.4954302311    1.122  1.773  3.6687  2.342    4 0.337 3.123 2.075 0.948 0.289 -0.248 -1.041 -1.648 -1.744
0.01471 0.00000 9.87506 1.1229566336 2.4954493046    1.122  1.809  3.6654  2.293    4 0.249 3.120 2.026 0.880 0.211 -0.334 -1.140 -1.756 -1.854
0.01471 0.00000 9.87506 1.1230198145 2.4954593182    1.122  1.846  3.6620  2.243    4 0.156 3.118 1.976 0.810 0.129 -0.424 -1.243 -1.869 -1.969
0.01471 0.00000 9.87506 1.1230540276 2.4954648018    1.122  1.884  3.6586  2.190    4 0.059 3.116 1.924 0.737 0.043 -0.518 -1.350 -1.987 -2.088
0.01471 0.00000 9.87506 1.1230722666 2.4954679012    1.122  1.923  3.6551  2.137    4 -0.038 3.117 1.873 0.665 -0.042 -0.611 -1.457 -2.104 -2.208
0.01471 0.00000 9.87506 1.1230818033 2.4954693317    1.122  1.961  3.6517  2.086    4 -0.133 3.118 1.823 0.594 -0.125 -0.703 -1.562 -2.219 -2.326
0.01471 0.00000 9.87506 1.1230870485 2.4954700470    1.122  2.000  3.6484  2.034    4 -0.229 3.120 1.774 0.524 -0.208 -0.794 -1.667 -2.335 -2.443
0.01471 0.00000 9.87506 1.1230902672 2.4954707623    1.122  2.037  3.6452  1.984    4 -0.322 3.117 1.728 0.456 -0.287 -0.882 -1.768 -2.444 -2.556
0.01471 0.00000 9.87506 1.1230924129 2.4954710007    1.122  2.072  3.6422  1.937    4 -0.409 3.099 1.685 0.390 -0.362 -0.963 -1.862 -2.543 -2.659
0.01471 0.00000 9.87506 1.1230925322 2.4954710007    1.122  2.074  3.6420  1.935    7 -0.414 3.098 1.683 0.387 -0.366 -0.968 -1.867 -2.548 -2.665
0.01471 0.00000 9.87506 1.1230936050 2.4954712391    1.122  2.094  3.6403  1.907    7 -0.466 3.085 1.656 0.348 -0.410 -1.016 -1.922 -2.607 -2.726
0.01471 0.00000 9.87506 1.1230956316 2.4954714775    1.122  2.136  3.6367  1.851    7 -0.570 3.060 1.604 0.270 -0.497 -1.113 -2.034 -2.725 -2.849
0.01471 0.00000 9.87506 1.1230975389 2.4954719543    1.122  2.170  3.6339  1.806    7 -0.654 3.037 1.562 0.208 -0.567 -1.190 -2.124 -2.819 -2.948
0.01471 0.00000 9.87506 1.1230994463 2.4954721928    1.122  2.198  3.6315  1.769    7 -0.724 3.017 1.526 0.156 -0.625 -1.254 -2.198 -2.897 -3.030
0.01471 0.00000 9.87506 1.1231044531 2.4954729080    1.122  2.202  3.6312  1.763    7 -0.734 3.013 1.519 0.147 -0.634 -1.264 -2.209 -2.909 -3.042
0.01471 0.00000 9.87506 1.1231085062 2.4954736233    1.122  2.168  3.6341  1.809    7 -0.649 3.036 1.563 0.211 -0.563 -1.186 -2.118 -2.813 -2.942
0.01471 0.00000 9.87506 1.1231184006 2.4954752922    1.122  2.134  3.6370  1.854    7 -0.566 3.058 1.605 0.273 -0.494 -1.109 -2.029 -2.720 -2.844
0.01471 0.00000 9.87506 1.1231981516 2.4954879284    1.122  2.128  3.6374  1.862    7 -0.549 3.064 1.614 0.285 -0.480 -1.094 -2.012 -2.701 -2.824
0.01471 0.00000 9.87506 1.1232595444 2.4954977036    1.123  2.168  3.6339  1.808    7 -0.651 3.040 1.564 0.211 -0.564 -1.187 -2.120 -2.816 -2.944
0.01471 0.00000 9.87506 1.1233111620 2.4955060482    1.123  2.211  3.6303  1.750    7 -0.759 3.010 1.509 0.131 -0.653 -1.286 -2.235 -2.937 -3.072
0.01471 0.00000 9.87506 1.1233546734 2.4955129623    1.123  2.254  3.6266  1.692    7 -0.866 2.975 1.454 0.054 -0.739 -1.383 -2.349 -3.057 -3.198
0.01471 0.00000 9.87506 1.1233913898 2.4955189228    1.123  2.297  3.6230  1.636    7 -0.972 2.939 1.399 -0.023 -0.825 -1.480 -2.461 -3.176 -3.324
0.01471 0.00000 9.87506 1.1234227419 2.4955239296    1.123  2.339  3.6195  1.580    7 -1.076 2.902 1.344 -0.099 -0.908 -1.574 -2.571 -3.292 -3.447
0.01471 0.00000 9.87506 1.1234499216 2.4955282211    1.123  2.380  3.6159  1.524    7 -1.180 2.864 1.291 -0.171 -0.989 -1.666 -2.681 -3.408 -3.570
0.01471 0.00000 9.87506 1.1234737635 2.4955320358    1.123  2.421  3.6123  1.468    7 -1.284 2.854 1.243 -0.239 -1.069 -1.760 -2.791 -3.527 -3.695
0.01471 0.00000 9.87506 1.1234948635 2.4955353737    1.123  2.462  3.6088  1.413    7 -1.386 2.865 1.201 -0.302 -1.146 -1.854 -2.902 -3.648 -3.821
0.01471 0.00000 9.87506 1.1235140562 2.4955384731    1.123  2.503  3.6052  1.358    7 -1.488 2.874 1.161 -0.361 -1.221 -1.946 -3.012 -3.768 -3.946
0.01471 0.00000 9.87506 1.1235318184 2.4955413342    1.123  2.544  3.6016  1.302    7 -1.591 2.886 1.122 -0.420 -1.295 -2.039 -3.122 -3.889 -4.072
0.01471 0.00000 9.87506 1.1235482693 2.4955439568    1.123  2.585  3.5980  1.247    7 -1.692 2.895 1.086 -0.474 -1.366 -2.131 -3.232 -4.009 -4.198
0.01471 0.00000 9.87506 1.1235640049 2.4955465794    1.123  2.626  3.5943  1.191    7 -1.796 2.902 1.052 -0.525 -1.433 -2.223 -3.344 -4.131 -4.325
0.01471 0.00000 9.87506 1.1235787868 2.4955489635    1.123  2.667  3.5905  1.136    7 -1.897 2.912 1.020 -0.575 -1.499 -2.314 -3.453 -4.251 -4.451
0.01471 0.00000 9.87506 1.1235926151 2.4955511093    1.123  2.708  3.5867  1.079    7 -1.999 2.919 0.993 -0.615 -1.558 -2.404 -3.565 -4.372 -4.578
0.01471 0.00000 9.87506 1.1236057281 2.4955532551    1.123  2.747  3.5830  1.025    7 -2.098 2.926 0.970 -0.652 -1.614 -2.490 -3.672 -4.490 -4.702
0.01471 0.00000 9.87506 1.1236183643 2.4955551624    1.123  2.787  3.5790  0.969    7 -2.198 2.938 0.954 -0.681 -1.664 -2.577 -3.782 -4.610 -4.828
0.01471 0.00000 9.87506 1.1236287355 2.4955568314    1.123  2.828  3.5749  0.912    7 -2.301 2.945 0.946 -0.697 -1.704 -2.664 -3.896 -4.733 -4.957
0.01471 0.00000 9.87506 1.1236355305 2.4955580235    1.123  2.868  3.5709  0.856    7 -2.400 2.955 0.941 -0.710 -1.741 -2.747 -4.006 -4.852 -5.083
0.01471 0.00000 9.87506 1.1236405373 2.4955587387    1.123  2.905  3.5669  0.803    7 -2.493 2.961 0.948 -0.704 -1.763 -2.822 -4.111 -4.966 -5.203
0.01471 0.00000 9.87506 1.1236449480 2.4955594540    1.123  2.943  3.5629  0.749    7 -2.587 2.967 0.961 -0.689 -1.778 -2.895 -4.216 -5.079 -5.323
0.01471 0.00000 9.87506 1.1236490011 2.4955601692    1.123  2.981  3.5587  0.694    7 -2.682 2.973 0.981 -0.666 -1.788 -2.968 -4.324 -5.196 -5.446
0.01471 0.00000 9.87506 1.1236528158 2.4955608845    1.123  3.019  3.5545  0.639    7 -2.778 2.978 1.017 -0.621 -1.785 -3.035 -4.432 -5.313 -5.569
0.01471 0.00000 9.87506 1.1236566305 2.4955613613    1.123  3.060  3.5498  0.580    7 -2.880 2.984 1.059 -0.568 -1.776 -3.104 -4.547 -5.437 -5.702
0.01471 0.00000 9.87506 1.1236600876 2.4955618382    1.123  3.097  3.5455  0.526    7 -2.972 2.989 1.121 -0.487 -1.750 -3.154 -4.654 -5.551 -5.823
0.01471 0.00000 9.87506 1.1236640215 2.4955625534    1.123  3.136  3.5408  0.468    7 -3.070 2.996 1.194 -0.394 -1.716 -3.206 -4.767 -5.672 -5.952
0.01471 0.00000 9.87506 1.1236683130 2.4955632687    1.123  3.174  3.5362  0.411    7 -3.164 3.003 1.290 -0.273 -1.667 -3.241 -4.877 -5.789 -6.077
0.01471 0.00000 9.87506 1.1236727238 2.4955639839    1.123  3.210  3.5317  0.358    7 -3.254 3.010 1.387 -0.151 -1.615 -3.270 -4.982 -5.899 -6.196
0.01471 0.00000 9.87506 1.1236755848 2.4955644608    1.123  3.216  3.5310  0.349    7 -3.270 3.010 1.402 -0.132 -1.608 -3.276 -5.000 -5.918 -6.216
0.01471 0.00000 9.87506 1.1236757040 2.4955644608    1.123  3.210  3.5318  0.358    7 -3.254 3.008 1.384 -0.155 -1.618 -3.272 -4.983 -5.899 -6.196
0.01471 0.00000 9.87506 1.1236760616 2.4955644608    1.123  3.215  3.5311  0.349    7 -3.268 3.010 1.400 -0.134 -1.609 -3.276 -4.999 -5.917 -6.215
0.01471 0.00000 9.87506 1.1236763000 2.4955644608    1.123  3.225  3.5298  0.335    7 -3.292 3.012 1.430 -0.097 -1.593 -3.282 -5.027 -5.947 -6.247
0.01471 0.00000 9.87506 1.1236765385 2.4955646992    1.123  3.236  3.5283  0.317    7 -3.321 3.015 1.475 -0.040 -1.566 -3.280 -5.062 -5.982 -6.286
0.01471 0.00000 9.87506 1.1236768961 2.4955646992    1.123  3.256  3.5258  0.288    7 -3.369 3.020 1.551 0.054 -1.522 -3.276 -5.118 -6.041 -6.350
0.01471 0.00000 9.87506 1.1236772537 2.4955646992    1.123  3.285  3.5218  0.243    7 -3.442 3.031 1.675 0.207 -1.450 -3.268 -5.205 -6.132 -6.449
0.01471 0.00000 9.87506 1.1236778498 2.4955646992    1.123  3.320  3.5171  0.189    7 -3.529 3.044 1.846 0.425 -1.341 -3.232 -5.307 -6.240 -6.567
0.01471 0.00000 9.87506 1.1236786842 2.4955649376    1.123  3.347  3.5132  0.146    7 -3.597 3.055 1.996 0.618 -1.242 -3.188 -5.388 -6.325 -6.659
#isochrone terminated
