# File generated by CMD 3.3 (http://stev.oapd.inaf.it/cmd) on Tue Dec 10 23:52:55 CET 2019
# isochrones based on PARSEC release v1.2S
# Basic references: Bressan et al. (2012), MNRAS, 427, 127 + Chen et al. (2014, 2015), MNRAS, 444, 2525 + MNRAS, 452, 1068 + Tang et al. (2014), MNRAS, 445, 4287
# On RGB, assumed Reimers mass loss with efficiency eta=0.2
# Photometric system: <i>UBVRIJHK</i> (cf. Maiz-Apellaniz 2006 + Bessell 1990)
# Attention: photometry includes extinction of Av=0.62, with coefficients derived star-by-star, for Cardelli et al 89 + O'Donnell 94 Rv=3.1 extinction curve.
# Using YBC version of bolometric corrections as in Chen et al. (2019)
# O-rich circumstellar dpmod60alox40 dust from Groenewegen (2006)
# C-rich circumstellar AMCSIC15 dust from Groenewegen (2006)
# IMF: Kroupa (2001, 2002) + Kroupa et al. (2013) canonical two-part-power law IMF corrected for unresolved binaries 
# Kind of output: isochrone tables
# Zini     MH   logAge Mini        int_IMF         Mass   logL    logTe  logg  label 	 mbolmag  Umag    Bmag    Vmag    Rmag    Imag    Jmag    Hmag    Kmag
0.017873 0.09000 9.39794 0.0900000036 1.0816895962    0.090 -3.432  3.3575  5.206    0 13.350 23.406 20.704 18.747 16.456 14.150 11.450 10.778 10.437
0.017873 0.09000 9.39794 0.0955582857 1.1328942776    0.096 -3.332  3.3714  5.188    0 13.100 23.121 20.439 18.488 16.203 13.900 11.200 10.529 10.186
0.017873 0.09000 9.39794 0.1000000015 1.1711064577    0.100 -3.256  3.3819  5.174    0 12.910 22.904 20.237 18.291 16.010 13.710 11.011 10.340 9.995
0.017873 0.09000 9.39794 0.1200000048 1.3193155527    0.120 -3.000  3.4146  5.128    1 12.271 22.178 19.562 17.628 15.364 13.071 10.373 9.704 9.354
0.017873 0.09000 9.39794 0.1300523877 1.3821759224    0.130 -2.903  3.4259  5.110    0 12.027 21.426 18.978 17.077 14.925 12.705 10.149 9.480 9.129
0.017873 0.09000 9.39794 0.1400000006 1.4384527206    0.140 -2.813  3.4362  5.094    0 11.803 20.646 18.369 16.511 14.482 12.344 9.949 9.279 8.929
0.017873 0.09000 9.39794 0.1599999964 1.5372931957    0.160 -2.671  3.4501  5.066    1 11.448 19.614 17.533 15.732 13.855 11.824 9.626 8.954 8.609
0.017873 0.09000 9.39794 0.2000000030 1.6938791275    0.200 -2.456  3.4689  5.023    1 10.911 18.259 16.406 14.658 12.973 11.100 9.133 8.459 8.123
0.017873 0.09000 9.39794 0.2500000000 1.8403258324    0.250 -2.253  3.4854  4.982    0 10.402 17.147 15.445 13.736 12.192 10.460 8.664 7.987 7.663
0.017873 0.09000 9.39794 0.3000000119 1.9529139996    0.300 -2.093  3.4970  4.948    1 10.003 16.386 14.768 13.085 11.627 9.988 8.293 7.613 7.298
0.017873 0.09000 9.39794 0.3423470259 2.0306932926    0.342 -1.956  3.5045  4.899    0 9.660 15.825 14.261 12.602 11.194 9.606 7.967 7.283 6.975
0.017873 0.09000 9.39794 0.3500000238 2.0434176922    0.350 -1.935  3.5060  4.893    0 9.608 15.734 14.178 12.523 11.124 9.547 7.919 7.233 6.927
0.017873 0.09000 9.39794 0.3589147627 2.0577912331    0.359 -1.907  3.5080  4.885    0 9.539 15.612 14.067 12.417 11.031 9.467 7.854 7.167 6.863
0.017873 0.09000 9.39794 0.3682574332 2.0723652840    0.368 -1.880  3.5102  4.877    0 9.469 15.488 13.954 12.310 10.937 9.387 7.790 7.102 6.799
0.017873 0.09000 9.39794 0.4000000358 2.1185026169    0.400 -1.793  3.5173  4.854    0 9.252 15.110 13.603 11.973 10.639 9.138 7.589 6.896 6.600
0.017873 0.09000 9.39794 0.4499999881 2.1822810173    0.450 -1.645  3.5293  4.805    1 8.883 14.501 13.027 11.425 10.151 8.725 7.250 6.547 6.261
0.017873 0.09000 9.39794 0.5000000000 2.2374541759    0.500 -1.494  3.5432  4.756    1 8.505 13.903 12.439 10.865 9.650 8.304 6.907 6.191 5.917
0.017873 0.09000 9.39794 0.5026826262 2.2402026653    0.503 -1.485  3.5442  4.753    1 8.483 13.867 12.403 10.830 9.619 8.279 6.887 6.170 5.897
0.017873 0.09000 9.39794 0.5500000119 2.2836582661    0.550 -1.334  3.5611  4.709    1 8.105 13.277 11.796 10.240 9.091 7.858 6.555 5.824 5.565
0.017873 0.09000 9.39794 0.6000000238 2.3211214542    0.600 -1.173  3.5835  4.675    1 7.702 12.639 11.113 9.572 8.491 7.412 6.214 5.465 5.232
0.017873 0.09000 9.39794 0.6499999762 2.3520355225    0.650 -1.010  3.6104  4.655    1 7.296 11.978 10.394 8.903 7.891 6.974 5.874 5.115 4.924
0.017873 0.09000 9.39794 0.6694127321 2.3626165390    0.669 -0.948  3.6216  4.650    1 7.141 11.701 10.105 8.646 7.662 6.809 5.745 4.993 4.817
0.017873 0.09000 9.39794 0.7000000477 2.3779268265    0.700 -0.854  3.6388  4.644    1 6.904 11.226 9.649 8.255 7.321 6.562 5.552 4.816 4.665
0.017873 0.09000 9.39794 0.7389213443 2.3953170776    0.739 -0.734  3.6624  4.643    1 6.606 10.436 9.038 7.754 6.903 6.249 5.321 4.645 4.515
0.017873 0.09000 9.39794 0.7500000000 2.3998889923    0.750 -0.701  3.6689  4.642    1 6.523 10.209 8.874 7.622 6.796 6.162 5.258 4.602 4.476
0.017873 0.09000 9.39794 0.7992638946 2.4184668064    0.799 -0.569  3.6891  4.617    1 6.191 9.431 8.309 7.153 6.406 5.823 4.989 4.399 4.282
0.017873 0.09000 9.39794 0.8412859440 2.4323523045    0.841 -0.459  3.7056  4.596    1 5.917 8.820 7.873 6.788 6.100 5.550 4.773 4.232 4.122
0.017873 0.09000 9.39794 0.8485277891 2.4345860481    0.848 -0.441  3.7084  4.593    1 5.871 8.721 7.802 6.728 6.049 5.505 4.736 4.204 4.095
0.017873 0.09000 9.39794 0.8584411740 2.4375736713    0.858 -0.415  3.7120  4.587    1 5.808 8.589 7.707 6.647 5.981 5.443 4.686 4.164 4.057
0.017873 0.09000 9.39794 0.8977917433 2.4486880302    0.897 -0.318  3.7261  4.565    1 5.564 8.091 7.350 6.344 5.720 5.206 4.494 4.010 3.909
0.017873 0.09000 9.39794 0.9130152464 2.4526934624    0.912 -0.280  3.7311  4.555    1 5.471 7.911 7.219 6.232 5.623 5.116 4.420 3.949 3.850
0.017873 0.09000 9.39794 0.9470555782 2.4611163139    0.947 -0.198  3.7421  4.533    1 5.266 7.521 6.933 5.991 5.412 4.924 4.261 3.817 3.723
0.017873 0.09000 9.39794 0.9769814610 2.4679663181    0.977 -0.127  3.7509  4.511    1 5.089 7.189 6.694 5.788 5.235 4.761 4.123 3.699 3.610
0.017873 0.09000 9.39794 0.9963194728 2.4721417427    0.996 -0.082  3.7564  4.496    1 4.975 6.988 6.545 5.661 5.124 4.658 4.035 3.623 3.536
0.017873 0.09000 9.39794 1.0065275431 2.4742717743    1.006 -0.058  3.7591  4.488    1 4.916 6.886 6.468 5.595 5.065 4.603 3.987 3.582 3.496
0.017873 0.09000 9.39794 1.0331630707 2.4796020985    1.033  0.003  3.7660  4.465    1 4.762 6.634 6.272 5.427 4.915 4.464 3.866 3.476 3.393
0.017873 0.09000 9.39794 1.0455833673 2.4819812775    1.045  0.032  3.7691  4.454    1 4.691 6.519 6.181 5.350 4.846 4.400 3.810 3.426 3.345
0.017873 0.09000 9.39794 1.0587781668 2.4844384193    1.058  0.062  3.7722  4.442    1 4.616 6.402 6.087 5.269 4.773 4.332 3.751 3.373 3.294
0.017873 0.09000 9.39794 1.0837633610 2.4889035225    1.083  0.118  3.7779  4.418    1 4.475 6.187 5.911 5.118 4.636 4.204 3.638 3.273 3.196
0.017873 0.09000 9.39794 1.0948473215 2.4908092022    1.094  0.143  3.7803  4.407    1 4.412 6.094 5.834 5.052 4.576 4.148 3.588 3.228 3.153
0.017873 0.09000 9.39794 1.1112701893 2.4935529232    1.110  0.179  3.7837  4.391    1 4.321 5.965 5.725 4.957 4.489 4.066 3.514 3.161 3.087
0.017873 0.09000 9.39794 1.1343898773 2.4972610474    1.134  0.230  3.7882  4.367    1 4.194 5.789 5.572 4.824 4.367 3.951 3.410 3.067 2.994
0.017873 0.09000 9.39794 1.1441111565 2.4987688065    1.143  0.252  3.7901  4.357    1 4.141 5.717 5.509 4.769 4.316 3.903 3.367 3.026 2.955
0.017873 0.09000 9.39794 1.1588149071 2.5009942055    1.158  0.283  3.7928  4.341    1 4.061 5.611 5.415 4.686 4.239 3.831 3.301 2.966 2.896
0.017873 0.09000 9.39794 1.1813272238 2.5042781830    1.181  0.331  3.7966  4.317    1 3.942 5.455 5.274 4.562 4.124 3.722 3.201 2.875 2.805
0.017873 0.09000 9.39794 1.1933751106 2.5059773922    1.193  0.356  3.7985  4.304    1 3.879 5.375 5.202 4.498 4.064 3.665 3.148 2.825 2.757
0.017873 0.09000 9.39794 1.2147519588 2.5088970661    1.214  0.399  3.8013  4.280    1 3.772 5.244 5.080 4.388 3.961 3.566 3.056 2.739 2.672
0.017873 0.09000 9.39794 1.2426390648 2.5125327110    1.242  0.453  3.8041  4.248    1 3.639 5.088 4.931 4.252 3.832 3.441 2.938 2.627 2.560
0.017873 0.09000 9.39794 1.2907314301 2.5183801651    1.291  0.537  3.8071  4.192    1 3.427 4.854 4.703 4.037 3.624 3.239 2.743 2.438 2.372
0.017873 0.09000 9.39794 1.2919027805 2.5185163021    1.292  0.539  3.8072  4.191    1 3.422 4.849 4.697 4.032 3.619 3.234 2.738 2.433 2.367
0.017873 0.09000 9.39794 1.2948008776 2.5188519955    1.295  0.544  3.8073  4.187    1 3.410 4.836 4.685 4.019 3.607 3.222 2.726 2.421 2.356
0.017873 0.09000 9.39794 1.3350946903 2.5233466625    1.335  0.612  3.8074  4.133    1 3.241 4.668 4.513 3.849 3.437 3.053 2.558 2.254 2.188
0.017873 0.09000 9.39794 1.3411667347 2.5239973068    1.341  0.622  3.8073  4.125    1 3.216 4.644 4.488 3.824 3.412 3.028 2.532 2.228 2.162
0.017873 0.09000 9.39794 1.3414438963 2.5240268707    1.341  0.622  3.8073  4.125    1 3.214 4.643 4.486 3.823 3.411 3.027 2.531 2.227 2.161
0.017873 0.09000 9.39794 1.3879441023 2.5287895203    1.388  0.700  3.8062  4.057    1 3.019 4.458 4.294 3.627 3.213 2.828 2.329 2.024 1.957
0.017873 0.09000 9.39794 1.3904305696 2.5290338993    1.390  0.705  3.8061  4.053    1 3.009 4.449 4.284 3.617 3.203 2.817 2.319 2.013 1.946
0.017873 0.09000 9.39794 1.4215986729 2.5320141315    1.422  0.757  3.8050  4.006    1 2.877 4.327 4.156 3.486 3.070 2.683 2.181 1.874 1.807
0.017873 0.09000 9.39794 1.4396945238 2.5336763859    1.440  0.787  3.8040  3.977    1 2.802 4.262 4.085 3.411 2.993 2.605 2.101 1.792 1.724
0.017873 0.09000 9.39794 1.4526562691 2.5348377228    1.453  0.809  3.8028  3.955    1 2.748 4.217 4.035 3.357 2.937 2.547 2.041 1.730 1.662
0.017873 0.09000 9.39794 1.4858564138 2.5377066135    1.486  0.863  3.7988  3.894    1 2.613 4.117 3.918 3.224 2.796 2.400 1.884 1.566 1.496
0.017873 0.09000 9.39794 1.4889584780 2.5379672050    1.489  0.868  3.7983  3.888    1 2.600 4.109 3.908 3.212 2.783 2.386 1.869 1.550 1.480
0.017873 0.09000 9.39794 1.4962378740 2.5385737419    1.496  0.879  3.7968  3.874    1 2.574 4.096 3.889 3.187 2.755 2.356 1.835 1.513 1.442
0.017873 0.09000 9.39794 1.5149750710 2.5401041508    1.515  0.905  3.7925  3.835    1 2.508 4.071 3.846 3.126 2.684 2.278 1.746 1.416 1.343
0.017873 0.09000 9.39794 1.5328402519 2.5415234566    1.533  0.929  3.7877  3.797    1 2.447 4.055 3.810 3.070 2.618 2.205 1.662 1.322 1.247
0.017873 0.09000 9.39794 1.5382223129 2.5419435501    1.538  0.937  3.7863  3.785    1 2.427 4.049 3.797 3.052 2.597 2.181 1.634 1.291 1.216
0.017873 0.09000 9.39794 1.5489099026 2.5427680016    1.549  0.953  3.7832  3.760    1 2.387 4.040 3.774 3.016 2.554 2.133 1.579 1.230 1.153
0.017873 0.09000 9.39794 1.5565330982 2.5433478355    1.556  0.970  3.7820  3.740    1 2.346 4.011 3.740 2.976 2.512 2.089 1.531 1.180 1.103
0.017873 0.09000 9.39794 1.5596454144 2.5435829163    1.559  0.990  3.7841  3.730    1 2.296 3.941 3.678 2.923 2.464 2.044 1.492 1.145 1.069
0.017873 0.09000 9.39794 1.5637203455 2.5438888073    1.563  1.030  3.7895  3.712    1 2.194 3.787 3.544 2.813 2.366 1.956 1.417 1.082 1.008
0.017873 0.09000 9.39794 1.5646768808 2.5439603329    1.564  1.063  3.7948  3.700    1 2.112 3.659 3.432 2.724 2.290 1.888 1.362 1.039 0.966
0.017873 0.09000 9.39794 1.5650554895 2.5439887047    1.565  1.098  3.8001  3.687    1 2.025 3.526 3.314 2.630 2.208 1.816 1.303 0.990 0.919
0.017873 0.09000 9.39794 1.5652475357 2.5440030098    1.565  1.129  3.8045  3.674    1 1.948 3.417 3.214 2.549 2.136 1.752 1.249 0.946 0.876
0.017873 0.09000 9.39794 1.5653136969 2.5440080166    1.565  1.141  3.8062  3.669    1 1.919 3.375 3.175 2.518 2.109 1.727 1.228 0.929 0.860
0.017873 0.09000 9.39794 1.5653949976 2.5440139771    1.565  1.107  3.8026  3.688    2 2.002 3.485 3.279 2.605 2.188 1.800 1.293 0.986 0.916
0.017873 0.09000 9.39794 1.5654798746 2.5440204144    1.565  1.086  3.7969  3.686    2 2.056 3.585 3.363 2.665 2.235 1.838 1.317 0.998 0.926
0.017873 0.09000 9.39794 1.5656497478 2.5440330505    1.565  1.085  3.7875  3.650    2 2.059 3.673 3.418 2.680 2.229 1.816 1.272 0.933 0.858
0.017873 0.09000 9.39794 1.5659672022 2.5440568924    1.566  1.088  3.7771  3.605    2 2.050 3.770 3.470 2.686 2.212 1.782 1.211 0.850 0.770
0.017873 0.09000 9.39794 1.5665198565 2.5440979004    1.566  1.075  3.7663  3.575    2 2.082 3.925 3.570 2.740 2.240 1.791 1.191 0.805 0.722
0.017873 0.09000 9.39794 1.5671721697 2.5441465378    1.567  1.051  3.7568  3.561    2 2.142 4.101 3.690 2.821 2.299 1.834 1.208 0.799 0.712
0.017873 0.09000 9.39794 1.5677293539 2.5441880226    1.567  1.026  3.7493  3.557    2 2.206 4.262 3.802 2.903 2.363 1.886 1.239 0.812 0.721
0.017873 0.09000 9.39794 1.5682846308 2.5442295074    1.568  0.997  3.7417  3.556    2 2.279 4.443 3.926 2.997 2.438 1.949 1.279 0.832 0.739
0.017873 0.09000 9.39794 1.5688382387 2.5442705154    1.569  0.967  3.7340  3.554    2 2.352 4.626 4.052 3.094 2.517 2.015 1.321 0.854 0.759
0.017873 0.09000 9.39794 1.5694818497 2.5443184376    1.569  0.941  3.7251  3.545    2 2.417 4.824 4.181 3.189 2.591 2.074 1.352 0.862 0.763
0.017873 0.09000 9.39794 1.5703059435 2.5443794727    1.570  0.939  3.7148  3.506    2 2.422 4.991 4.263 3.233 2.609 2.075 1.320 0.800 0.698
0.017873 0.09000 9.39794 1.5710350275 2.5444335938    1.571  0.968  3.7075  3.448    2 2.349 5.044 4.250 3.189 2.547 2.000 1.219 0.679 0.574
0.017873 0.09000 9.39794 1.5715856552 2.5444743633    1.571  1.011  3.7034  3.388    3 2.242 5.009 4.178 3.100 2.446 1.892 1.097 0.546 0.439
0.017873 0.09000 9.39794 1.5720436573 2.5445082188    1.572  1.051  3.7003  3.337    3 2.142 4.963 4.104 3.013 2.352 1.792 0.987 0.427 0.319
0.017873 0.09000 9.39794 1.5725005865 2.5445420742    1.572  1.095  3.6977  3.282    3 2.033 4.905 4.020 2.916 2.248 1.683 0.868 0.301 0.192
0.017873 0.09000 9.39794 1.5729566813 2.5445756912    1.573  1.140  3.6952  3.227    3 1.919 4.839 3.930 2.814 2.139 1.569 0.745 0.171 0.060
0.017873 0.09000 9.39794 1.5734119415 2.5446093082    1.573  1.187  3.6927  3.170    3 1.802 4.768 3.835 2.708 2.027 1.452 0.620 0.039 -0.073
0.017873 0.09000 9.39794 1.5738662481 2.5446426868    1.574  1.235  3.6903  3.113    3 1.683 4.696 3.740 2.601 1.913 1.334 0.492 -0.096 -0.209
0.017873 0.09000 9.39794 1.5744100809 2.5446829796    1.574  1.292  3.6873  3.044    3 1.540 4.611 3.627 2.474 1.778 1.192 0.340 -0.257 -0.372
0.017873 0.09000 9.39794 1.5749528408 2.5447227955    1.575  1.348  3.6844  2.976    3 1.400 4.529 3.515 2.348 1.645 1.053 0.190 -0.415 -0.532
0.017873 0.09000 9.39794 1.5754066706 2.5447561741    1.575  1.395  3.6819  2.920    3 1.283 4.460 3.423 2.245 1.534 0.938 0.065 -0.547 -0.665
0.017873 0.09000 9.39794 1.5759016275 2.5447926521    1.576  1.446  3.6792  2.858    3 1.155 4.388 3.323 2.132 1.414 0.811 -0.071 -0.691 -0.811
0.017873 0.09000 9.39794 1.5763220787 2.5448236465    1.576  1.490  3.6767  2.804    3 1.045 4.329 3.238 2.036 1.311 0.703 -0.189 -0.816 -0.937
0.017873 0.09000 9.39794 1.5766892433 2.5448505878    1.576  1.529  3.6745  2.756    3 0.947 4.278 3.163 1.951 1.219 0.607 -0.294 -0.928 -1.050
0.017873 0.09000 9.39794 1.5771003962 2.5448808670    1.577  1.574  3.6719  2.701    3 0.835 4.221 3.079 1.854 1.115 0.497 -0.413 -1.055 -1.179
0.017873 0.09000 9.39794 1.5774646997 2.5449075699    1.577  1.614  3.6694  2.652    3 0.735 4.172 3.004 1.768 1.022 0.399 -0.521 -1.170 -1.296
0.017873 0.09000 9.39794 1.5778585672 2.5449364185    1.577  1.659  3.6667  2.596    3 0.623 4.120 2.922 1.674 0.920 0.290 -0.640 -1.298 -1.425
0.017873 0.09000 9.39794 1.5782315731 2.5449638367    1.578  1.702  3.6640  2.542    3 0.514 4.070 2.843 1.582 0.820 0.184 -0.757 -1.423 -1.552
0.017873 0.09000 9.39794 1.5785930157 2.5449903011    1.578  1.745  3.6613  2.488    3 0.407 4.026 2.767 1.492 0.721 0.080 -0.872 -1.546 -1.677
0.017873 0.09000 9.39794 1.5789332390 2.5450150967    1.579  1.784  3.6588  2.440    3 0.311 3.999 2.703 1.413 0.633 -0.015 -0.976 -1.657 -1.790
0.017873 0.09000 9.39794 1.5793192387 2.5450434685    1.579  1.820  3.6565  2.394    3 0.220 3.977 2.645 1.339 0.550 -0.103 -1.074 -1.762 -1.896
0.017873 0.09000 9.39794 1.5798548460 2.5450825691    1.579  1.856  3.6542  2.350    3 0.131 3.954 2.587 1.266 0.469 -0.190 -1.169 -1.863 -1.999
0.017873 0.09000 9.39794 1.5801064968 2.5451009274    1.580  1.838  3.6555  2.373    3 0.176 3.962 2.614 1.302 0.510 -0.146 -1.121 -1.811 -1.947
0.017873 0.09000 9.39794 1.5803723335 2.5451204777    1.580  1.808  3.6575  2.411    3 0.250 3.977 2.661 1.361 0.577 -0.074 -1.040 -1.725 -1.859
0.017873 0.09000 9.39794 1.5805479288 2.5451331139    1.580  1.770  3.6601  2.459    3 0.344 3.997 2.719 1.437 0.662 0.018 -0.938 -1.616 -1.748
0.017873 0.09000 9.39794 1.5806972980 2.5451440811    1.580  1.730  3.6628  2.510    3 0.446 4.027 2.787 1.521 0.755 0.117 -0.828 -1.498 -1.628
0.017873 0.09000 9.39794 1.5808606148 2.5451560020    1.580  1.682  3.6660  2.570    3 0.564 4.076 2.871 1.619 0.863 0.232 -0.701 -1.361 -1.489
0.017873 0.09000 9.39794 1.5809940100 2.5451657772    1.581  1.644  3.6685  2.618    3 0.659 4.116 2.938 1.698 0.950 0.324 -0.600 -1.252 -1.378
0.017873 0.09000 9.39794 1.5811619759 2.5451779366    1.581  1.602  3.6712  2.672    3 0.766 4.164 3.015 1.788 1.048 0.428 -0.485 -1.129 -1.253
0.017873 0.09000 9.39794 1.5813165903 2.5451893806    1.581  1.571  3.6732  2.710    3 0.841 4.198 3.071 1.852 1.118 0.502 -0.403 -1.041 -1.164
0.017873 0.09000 9.39794 1.5814833641 2.5452015400    1.581  1.591  3.6720  2.686    3 0.793 4.174 3.034 1.810 1.072 0.455 -0.455 -1.097 -1.221
0.017873 0.09000 9.39794 1.5818752050 2.5452301502    1.581  1.635  3.6693  2.631    3 0.683 4.122 2.953 1.717 0.971 0.348 -0.573 -1.223 -1.348
0.017873 0.09000 9.39794 1.5823642015 2.5452656746    1.582  1.680  3.6665  2.576    3 0.571 4.071 2.872 1.622 0.868 0.238 -0.693 -1.351 -1.479
0.017873 0.09000 9.39794 1.5828522444 2.5453011990    1.582  1.723  3.6638  2.522    3 0.463 4.022 2.793 1.531 0.769 0.133 -0.809 -1.475 -1.605
0.017873 0.09000 9.39794 1.5833723545 2.5453391075    1.583  1.769  3.6609  2.464    3 0.348 3.982 2.714 1.435 0.663 0.021 -0.932 -1.607 -1.739
0.017873 0.09000 9.39794 1.5838524103 2.5453739166    1.583  1.812  3.6581  2.410    3 0.241 3.954 2.645 1.348 0.565 -0.084 -1.048 -1.731 -1.865
0.017873 0.09000 9.39794 1.5843290091 2.5454087257    1.584  1.855  3.6553  2.355    3 0.131 3.927 2.574 1.259 0.466 -0.191 -1.166 -1.857 -1.992
0.017873 0.09000 9.39794 1.5847786665 2.5454413891    1.584  1.898  3.6525  2.302    3 0.025 3.903 2.507 1.173 0.369 -0.294 -1.280 -1.979 -2.117
0.017873 0.09000 9.39794 1.5852152109 2.5454728603    1.585  1.941  3.6496  2.247    3 -0.082 3.880 2.439 1.086 0.272 -0.398 -1.396 -2.103 -2.243
0.017873 0.09000 9.39794 1.5856368542 2.5455036163    1.585  1.985  3.6466  2.192    3 -0.191 3.861 2.373 1.001 0.175 -0.504 -1.513 -2.229 -2.371
0.017873 0.09000 9.39794 1.5860214233 2.5455315113    1.586  2.026  3.6437  2.139    3 -0.296 3.845 2.311 0.919 0.083 -0.605 -1.626 -2.351 -2.495
0.017873 0.09000 9.39794 1.5863864422 2.5455579758    1.586  2.069  3.6408  2.085    3 -0.401 3.829 2.248 0.837 -0.011 -0.706 -1.739 -2.472 -2.618
0.017873 0.09000 9.39794 1.5867314339 2.5455827713    1.586  2.111  3.6378  2.031    3 -0.507 3.817 2.189 0.758 -0.102 -0.807 -1.852 -2.594 -2.743
0.017873 0.09000 9.39794 1.5870541334 2.5456061363    1.587  2.152  3.6349  1.978    3 -0.611 3.794 2.129 0.678 -0.191 -0.906 -1.964 -2.712 -2.865
0.017873 0.09000 9.39794 1.5873558521 2.5456280708    1.587  2.194  3.6319  1.924    3 -0.715 3.756 2.071 0.597 -0.280 -1.003 -2.073 -2.826 -2.983
0.017873 0.09000 9.39794 1.5874862671 2.5456373692    1.587  2.213  3.6305  1.900    3 -0.763 3.739 2.044 0.560 -0.321 -1.047 -2.124 -2.878 -3.038
0.017873 0.09000 9.39794 1.5876359940 2.5456483364    1.587  2.235  3.6290  1.872    3 -0.816 3.718 2.013 0.518 -0.366 -1.097 -2.180 -2.937 -3.099
0.017873 0.09000 9.39794 1.5879038572 2.5456676483    1.588  2.275  3.6260  1.819    3 -0.919 3.677 1.956 0.441 -0.451 -1.192 -2.288 -3.049 -3.216
0.017873 0.09000 9.39794 1.5881522894 2.5456855297    1.588  2.316  3.6230  1.767    3 -1.020 3.635 1.898 0.364 -0.534 -1.285 -2.395 -3.160 -3.333
0.017873 0.09000 9.39794 1.5883862972 2.5457024574    1.588  2.357  3.6200  1.714    3 -1.122 3.590 1.839 0.286 -0.619 -1.378 -2.501 -3.271 -3.450
0.017873 0.09000 9.39794 1.5886008739 2.5457179546    1.588  2.396  3.6170  1.662    3 -1.221 3.546 1.784 0.214 -0.697 -1.469 -2.606 -3.380 -3.565
0.017873 0.09000 9.39794 1.5888049603 2.5457327366    1.588  2.437  3.6139  1.610    3 -1.322 3.499 1.727 0.141 -0.778 -1.560 -2.712 -3.490 -3.682
0.017873 0.09000 9.39794 1.5889904499 2.5457460880    1.589  2.476  3.6110  1.559    3 -1.419 3.455 1.671 0.070 -0.856 -1.647 -2.814 -3.596 -3.795
0.017873 0.09000 9.39794 1.5891674757 2.5457589626    1.589  2.515  3.6078  1.507    3 -1.518 3.408 1.617 0.002 -0.932 -1.735 -2.917 -3.705 -3.911
0.017873 0.09000 9.39794 1.5893340111 2.5457708836    1.589  2.555  3.6047  1.455    3 -1.617 3.399 1.571 -0.060 -1.006 -1.826 -3.024 -3.820 -4.030
0.017873 0.09000 9.39794 1.5894829035 2.5457816124    1.589  2.593  3.6017  1.405    3 -1.711 3.400 1.530 -0.117 -1.077 -1.912 -3.125 -3.929 -4.144
0.017873 0.09000 9.39794 1.5896269083 2.5457921028    1.589  2.631  3.5985  1.354    3 -1.808 3.399 1.490 -0.172 -1.146 -2.001 -3.230 -4.042 -4.262
0.017873 0.09000 9.39794 1.5897595882 2.5458016396    1.589  2.669  3.5954  1.303    3 -1.904 3.393 1.452 -0.223 -1.211 -2.087 -3.333 -4.153 -4.377
0.017873 0.09000 9.39794 1.5898822546 2.5458104610    1.589  2.707  3.5923  1.254    3 -1.997 3.392 1.417 -0.270 -1.273 -2.172 -3.434 -4.262 -4.491
0.017873 0.09000 9.39794 1.5899999142 2.5458188057    1.590  2.745  3.5890  1.203    3 -2.091 3.391 1.385 -0.316 -1.334 -2.257 -3.536 -4.373 -4.607
0.017873 0.09000 9.39794 1.5901085138 2.5458266735    1.590  2.782  3.5859  1.153    3 -2.184 3.385 1.355 -0.355 -1.389 -2.339 -3.637 -4.482 -4.720
0.017873 0.09000 9.39794 1.5902088881 2.5458338261    1.590  2.818  3.5827  1.104    3 -2.275 3.382 1.330 -0.391 -1.442 -2.420 -3.736 -4.589 -4.833
0.017873 0.09000 9.39794 1.5903036594 2.5458407402    1.590  2.854  3.5794  1.055    3 -2.365 3.380 1.307 -0.423 -1.492 -2.499 -3.834 -4.695 -4.944
0.017873 0.09000 9.39794 1.5903936625 2.5458471775    1.590  2.890  3.5761  1.005    3 -2.456 3.373 1.292 -0.442 -1.531 -2.577 -3.934 -4.802 -5.057
0.017873 0.09000 9.39794 1.5904928446 2.5458543301    1.590  2.933  3.5721  0.947    3 -2.562 3.372 1.281 -0.459 -1.573 -2.667 -4.051 -4.929 -5.189
0.017873 0.09000 9.39794 1.5905870199 2.5458612442    1.590  2.975  3.5680  0.888    3 -2.669 3.370 1.278 -0.463 -1.608 -2.755 -4.170 -5.056 -5.323
0.017873 0.09000 9.39794 1.5906749964 2.5458674431    1.590  3.018  3.5637  0.828    3 -2.775 3.368 1.286 -0.452 -1.631 -2.839 -4.290 -5.184 -5.458
0.017873 0.09000 9.39794 1.5907565355 2.5458734035    1.590  3.060  3.5596  0.770    3 -2.880 3.364 1.296 -0.439 -1.653 -2.922 -4.407 -5.310 -5.590
0.017873 0.09000 9.39794 1.5908324718 2.5458788872    1.590  3.101  3.5554  0.712    3 -2.983 3.360 1.327 -0.398 -1.656 -2.994 -4.524 -5.434 -5.721
0.017873 0.09000 9.39794 1.5909030437 2.5458838940    1.591  3.142  3.5512  0.654    3 -3.085 3.356 1.358 -0.356 -1.659 -3.067 -4.638 -5.557 -5.851
0.017873 0.09000 9.39794 1.5909676552 2.5458886623    1.591  3.181  3.5469  0.598    3 -3.183 3.353 1.410 -0.288 -1.645 -3.124 -4.751 -5.676 -5.978
0.017873 0.09000 9.39794 1.5910298824 2.5458929539    1.591  3.221  3.5426  0.541    3 -3.283 3.350 1.471 -0.209 -1.624 -3.179 -4.865 -5.797 -6.106
0.017873 0.09000 9.39794 1.5910874605 2.5458972454    1.591  3.260  3.5383  0.485    3 -3.380 3.349 1.544 -0.115 -1.595 -3.224 -4.975 -5.914 -6.231
0.017873 0.09000 9.39794 1.5911425352 2.5459010601    1.591  3.298  3.5340  0.430    3 -3.475 3.350 1.639 0.003 -1.551 -3.255 -5.085 -6.030 -6.355
0.017873 0.09000 9.39794 1.5911886692 2.5459043980    1.591  3.329  3.5304  0.385    3 -3.551 3.351 1.718 0.102 -1.513 -3.280 -5.175 -6.124 -6.456
0.017873 0.09000 9.39794 1.5911886692 2.5459043980    1.591  1.722  3.6765  2.576    4 0.466 3.746 2.660 1.453 0.733 0.125 -0.770 -1.396 -1.517
0.017873 0.09000 9.39794 1.5918589830 2.5459525585    1.591  1.738  3.6751  2.554    4 0.424 3.732 2.632 1.420 0.696 0.085 -0.815 -1.445 -1.568
0.017873 0.09000 9.39794 1.5925786495 2.5460042953    1.592  1.744  3.6748  2.547    4 0.410 3.724 2.621 1.407 0.682 0.071 -0.830 -1.461 -1.584
0.017873 0.09000 9.39794 1.5933041573 2.5460562706    1.593  1.744  3.6751  2.549    4 0.411 3.720 2.620 1.407 0.683 0.072 -0.828 -1.458 -1.581
0.017873 0.09000 9.39794 1.5939705372 2.5461041927    1.594  1.742  3.6754  2.552    4 0.414 3.716 2.619 1.408 0.685 0.074 -0.825 -1.454 -1.576
0.017873 0.09000 9.39794 1.5947029591 2.5461566448    1.594  1.741  3.6757  2.554    4 0.417 3.712 2.619 1.408 0.686 0.077 -0.821 -1.449 -1.571
0.017873 0.09000 9.39794 1.5954443216 2.5462095737    1.595  1.740  3.6760  2.556    4 0.419 3.707 2.618 1.409 0.688 0.079 -0.818 -1.445 -1.567
0.017873 0.09000 9.39794 1.5961838961 2.5462625027    1.596  1.740  3.6763  2.559    4 0.421 3.703 2.616 1.409 0.689 0.080 -0.815 -1.441 -1.563
0.017873 0.09000 9.39794 1.5969127417 2.5463144779    1.597  1.739  3.6766  2.561    4 0.422 3.698 2.615 1.409 0.690 0.082 -0.812 -1.438 -1.560
0.017873 0.09000 9.39794 1.5976562500 2.5463674068    1.597  1.739  3.6769  2.562    4 0.424 3.694 2.613 1.408 0.690 0.083 -0.810 -1.435 -1.556
0.017873 0.09000 9.39794 1.5983997583 2.5464203358    1.598  1.739  3.6771  2.563    4 0.423 3.689 2.611 1.407 0.689 0.082 -0.810 -1.434 -1.555
0.017873 0.09000 9.39794 1.5991548300 2.5464742184    1.599  1.739  3.6773  2.565    4 0.423 3.684 2.609 1.405 0.689 0.082 -0.809 -1.433 -1.554
0.017873 0.09000 9.39794 1.5999232531 2.5465288162    1.599  1.739  3.6776  2.565    4 0.423 3.679 2.606 1.404 0.688 0.082 -0.809 -1.431 -1.553
0.017873 0.09000 9.39794 1.6006376743 2.5465793610    1.600  1.739  3.6777  2.566    4 0.422 3.674 2.603 1.402 0.687 0.081 -0.809 -1.431 -1.552
0.017873 0.09000 9.39794 1.6013411283 2.5466294289    1.601  1.739  3.6779  2.567    4 0.422 3.670 2.601 1.400 0.685 0.080 -0.809 -1.431 -1.552
0.017873 0.09000 9.39794 1.6014192104 2.5466349125    1.601  1.739  3.6779  2.567    4 0.422 3.669 2.600 1.400 0.685 0.080 -0.809 -1.431 -1.552
0.017873 0.09000 9.39794 1.6021058559 2.5466835499    1.602  1.740  3.6781  2.567    4 0.420 3.665 2.598 1.398 0.683 0.079 -0.810 -1.431 -1.552
0.017873 0.09000 9.39794 1.6028745174 2.5467379093    1.602  1.741  3.6782  2.567    4 0.418 3.660 2.594 1.395 0.681 0.077 -0.811 -1.432 -1.553
0.017873 0.09000 9.39794 1.6035821438 2.5467879772    1.603  1.742  3.6783  2.567    4 0.416 3.655 2.591 1.392 0.679 0.074 -0.813 -1.434 -1.554
0.017873 0.09000 9.39794 1.6043362617 2.5468411446    1.604  1.743  3.6784  2.566    4 0.413 3.650 2.587 1.389 0.676 0.072 -0.816 -1.436 -1.556
0.017873 0.09000 9.39794 1.6050562859 2.5468919277    1.605  1.744  3.6785  2.565    4 0.410 3.646 2.583 1.385 0.672 0.068 -0.819 -1.439 -1.559
0.017873 0.09000 9.39794 1.6058282852 2.5469462872    1.605  1.746  3.6785  2.564    4 0.406 3.641 2.579 1.381 0.668 0.064 -0.823 -1.443 -1.563
0.017873 0.09000 9.39794 1.6058830023 2.5469501019    1.605  1.746  3.6785  2.564    4 0.406 3.641 2.579 1.381 0.668 0.064 -0.823 -1.443 -1.563
0.017873 0.09000 9.39794 1.6064891815 2.5469927788    1.606  1.747  3.6785  2.563    4 0.402 3.637 2.575 1.377 0.664 0.060 -0.827 -1.446 -1.567
0.017873 0.09000 9.39794 1.6067734957 2.5470128059    1.606  1.748  3.6785  2.562    4 0.400 3.636 2.573 1.375 0.662 0.059 -0.829 -1.448 -1.569
0.017873 0.09000 9.39794 1.6072144508 2.5470438004    1.607  1.749  3.6785  2.561    4 0.397 3.633 2.571 1.372 0.659 0.055 -0.832 -1.452 -1.572
0.017873 0.09000 9.39794 1.6079250574 2.5470938683    1.608  1.751  3.6784  2.558    4 0.391 3.629 2.566 1.367 0.654 0.050 -0.838 -1.458 -1.578
0.017873 0.09000 9.39794 1.6086390018 2.5471439362    1.608  1.754  3.6783  2.555    4 0.385 3.625 2.560 1.361 0.647 0.043 -0.845 -1.465 -1.586
0.017873 0.09000 9.39794 1.6093537807 2.5471940041    1.609  1.757  3.6781  2.552    4 0.377 3.620 2.554 1.354 0.640 0.035 -0.853 -1.474 -1.595
0.017873 0.09000 9.39794 1.6100746393 2.5472445488    1.610  1.761  3.6779  2.547    4 0.368 3.616 2.547 1.346 0.632 0.026 -0.863 -1.485 -1.606
0.017873 0.09000 9.39794 1.6108049154 2.5472955704    1.610  1.765  3.6776  2.542    4 0.357 3.612 2.540 1.337 0.622 0.016 -0.875 -1.497 -1.619
0.017873 0.09000 9.39794 1.6115292311 2.5473461151    1.611  1.770  3.6772  2.536    4 0.345 3.607 2.531 1.327 0.611 0.004 -0.888 -1.512 -1.633
0.017873 0.09000 9.39794 1.6122616529 2.5473973751    1.612  1.778  3.6766  2.526    4 0.326 3.601 2.519 1.312 0.593 -0.014 -0.909 -1.534 -1.656
0.017873 0.09000 9.39794 1.6129924059 2.5474483967    1.613  1.786  3.6758  2.515    4 0.304 3.595 2.505 1.294 0.574 -0.036 -0.933 -1.561 -1.683
0.017873 0.09000 9.39794 1.6137498617 2.5475010872    1.613  1.796  3.6750  2.502    4 0.280 3.589 2.490 1.275 0.553 -0.059 -0.959 -1.589 -1.712
0.017873 0.09000 9.39794 1.6145170927 2.5475544930    1.614  1.818  3.6731  2.473    4 0.226 3.583 2.458 1.232 0.503 -0.112 -1.020 -1.656 -1.780
0.017873 0.09000 9.39794 1.6151359081 2.5475974083    1.615  1.853  3.6699  2.424    4 0.137 3.574 2.406 1.162 0.422 -0.200 -1.120 -1.764 -1.890
0.017873 0.09000 9.39794 1.6154588461 2.5476198196    1.615  1.893  3.6665  2.372    4 0.039 3.568 2.351 1.086 0.334 -0.295 -1.228 -1.882 -2.011
0.017873 0.09000 9.39794 1.6156241894 2.5476315022    1.615  1.931  3.6632  2.319    4 -0.059 3.560 2.295 1.011 0.247 -0.390 -1.336 -1.999 -2.130
0.017873 0.09000 9.39794 1.6157075167 2.5476372242    1.615  1.971  3.6598  2.267    4 -0.157 3.551 2.239 0.935 0.160 -0.485 -1.444 -2.117 -2.250
0.017873 0.09000 9.39794 1.6157487631 2.5476400852    1.615  2.009  3.6566  2.215    4 -0.253 3.548 2.187 0.862 0.075 -0.578 -1.549 -2.232 -2.367
0.017873 0.09000 9.39794 1.6157726049 2.5476417542    1.615  2.048  3.6534  2.164    4 -0.350 3.543 2.133 0.789 -0.011 -0.671 -1.656 -2.348 -2.485
0.017873 0.09000 9.39794 1.6157876253 2.5476427078    1.615  2.085  3.6503  2.115    4 -0.442 3.537 2.082 0.718 -0.092 -0.761 -1.757 -2.458 -2.597
0.017873 0.09000 9.39794 1.6157904863 2.5476429462    1.615  2.093  3.6497  2.104    4 -0.463 3.536 2.071 0.703 -0.110 -0.780 -1.779 -2.482 -2.622
0.017873 0.09000 9.39794 1.6157907248 2.5476429462    1.615  2.094  3.6496  2.103    7 -0.464 3.536 2.070 0.702 -0.112 -0.782 -1.781 -2.484 -2.624
0.017873 0.09000 9.39794 1.6157915592 2.5476429462    1.615  2.096  3.6494  2.099    7 -0.471 3.536 2.066 0.696 -0.118 -0.788 -1.788 -2.492 -2.632
0.017873 0.09000 9.39794 1.6158031225 2.5476438999    1.615  2.137  3.6461  2.046    7 -0.572 3.533 2.013 0.622 -0.205 -0.885 -1.898 -2.612 -2.755
0.017873 0.09000 9.39794 1.6158138514 2.5476446152    1.615  2.177  3.6429  1.993    7 -0.672 3.528 1.960 0.548 -0.291 -0.980 -2.006 -2.729 -2.874
0.017873 0.09000 9.39794 1.6158245802 2.5476453304    1.615  2.213  3.6399  1.944    7 -0.764 3.505 1.912 0.477 -0.371 -1.066 -2.105 -2.832 -2.982
0.017873 0.09000 9.39794 1.6158396006 2.5476462841    1.615  2.243  3.6375  1.905    7 -0.838 3.486 1.873 0.421 -0.433 -1.135 -2.184 -2.915 -3.068
0.017873 0.09000 9.39794 1.6158678532 2.5476484299    1.615  2.224  3.6391  1.931    7 -0.790 3.497 1.897 0.457 -0.393 -1.091 -2.132 -2.861 -3.012
0.017873 0.09000 9.39794 1.6158936024 2.5476500988    1.615  2.187  3.6422  1.980    7 -0.697 3.520 1.946 0.528 -0.313 -1.003 -2.033 -2.756 -2.903
0.017873 0.09000 9.39794 1.6159509420 2.5476541519    1.615  2.148  3.6453  2.032    7 -0.599 3.530 1.997 0.601 -0.229 -0.911 -1.927 -2.643 -2.787
0.017873 0.09000 9.39794 1.6160777807 2.5476629734    1.616  2.126  3.6471  2.061    7 -0.544 3.531 2.026 0.641 -0.181 -0.858 -1.868 -2.578 -2.720
0.017873 0.09000 9.39794 1.6166896820 2.5477054119    1.616  2.152  3.6450  2.027    7 -0.610 3.531 1.992 0.594 -0.238 -0.921 -1.939 -2.656 -2.799
0.017873 0.09000 9.39794 1.6170333624 2.5477292538    1.617  2.192  3.6417  1.973    7 -0.710 3.518 1.939 0.518 -0.325 -1.016 -2.047 -2.772 -2.919
0.017873 0.09000 9.39794 1.6173121929 2.5477485657    1.617  2.234  3.6383  1.918    7 -0.815 3.492 1.885 0.438 -0.414 -1.114 -2.160 -2.889 -3.042
0.017873 0.09000 9.39794 1.6175392866 2.5477643013    1.617  2.276  3.6348  1.862    7 -0.920 3.464 1.831 0.359 -0.502 -1.212 -2.272 -3.007 -3.165
0.017873 0.09000 9.39794 1.6177265644 2.5477771759    1.617  2.318  3.6314  1.807    7 -1.024 3.434 1.776 0.281 -0.589 -1.308 -2.382 -3.122 -3.286
0.017873 0.09000 9.39794 1.6178857088 2.5477881432    1.617  2.359  3.6281  1.752    7 -1.127 3.402 1.721 0.205 -0.673 -1.402 -2.491 -3.237 -3.406
0.017873 0.09000 9.39794 1.6180237532 2.5477976799    1.618  2.400  3.6247  1.698    7 -1.229 3.366 1.667 0.131 -0.756 -1.496 -2.600 -3.351 -3.527
0.017873 0.09000 9.39794 1.6181459427 2.5478062630    1.618  2.441  3.6213  1.644    7 -1.332 3.330 1.612 0.056 -0.838 -1.588 -2.708 -3.464 -3.647
0.017873 0.09000 9.39794 1.6182571650 2.5478138924    1.618  2.481  3.6179  1.589    7 -1.433 3.291 1.557 -0.016 -0.919 -1.680 -2.815 -3.577 -3.766
0.017873 0.09000 9.39794 1.6183598042 2.5478210449    1.618  2.522  3.6145  1.535    7 -1.535 3.252 1.504 -0.087 -0.998 -1.771 -2.923 -3.690 -3.887
0.017873 0.09000 9.39794 1.6184552908 2.5478277206    1.618  2.563  3.6111  1.480    7 -1.638 3.229 1.452 -0.156 -1.077 -1.863 -3.031 -3.806 -4.009
0.017873 0.09000 9.39794 1.6185442209 2.5478336811    1.618  2.604  3.6076  1.425    7 -1.741 3.233 1.409 -0.219 -1.155 -1.958 -3.143 -3.928 -4.136
0.017873 0.09000 9.39794 1.6186227798 2.5478391647    1.618  2.644  3.6042  1.372    7 -1.840 3.239 1.369 -0.276 -1.227 -2.048 -3.250 -4.044 -4.257
0.017873 0.09000 9.39794 1.6187012196 2.5478446484    1.618  2.684  3.6007  1.318    7 -1.940 3.247 1.330 -0.333 -1.299 -2.139 -3.358 -4.161 -4.380
0.017873 0.09000 9.39794 1.6187789440 2.5478501320    1.618  2.724  3.5971  1.263    7 -2.041 3.250 1.294 -0.384 -1.366 -2.230 -3.468 -4.280 -4.504
0.017873 0.09000 9.39794 1.6188538074 2.5478551388    1.618  2.766  3.5933  1.206    7 -2.146 3.253 1.259 -0.435 -1.435 -2.325 -3.582 -4.405 -4.634
0.017873 0.09000 9.39794 1.6189172268 2.5478596687    1.618  2.812  3.5892  1.144    7 -2.260 3.257 1.223 -0.488 -1.507 -2.426 -3.706 -4.539 -4.775
0.017873 0.09000 9.39794 1.6189599037 2.5478625298    1.618  2.859  3.5849  1.080    7 -2.376 3.258 1.193 -0.531 -1.572 -2.529 -3.833 -4.677 -4.919
0.017873 0.09000 9.39794 1.6189893484 2.5478646755    1.618  2.902  3.5809  1.021    7 -2.484 3.260 1.166 -0.571 -1.632 -2.623 -3.950 -4.805 -5.053
0.017873 0.09000 9.39794 1.6190147400 2.5478663445    1.619  2.944  3.5768  0.963    7 -2.589 3.262 1.154 -0.590 -1.676 -2.713 -4.066 -4.931 -5.185
0.017873 0.09000 9.39794 1.6190378666 2.5478680134    1.619  2.985  3.5727  0.905    7 -2.692 3.266 1.148 -0.602 -1.715 -2.800 -4.181 -5.055 -5.316
0.017873 0.09000 9.39794 1.6190598011 2.5478694439    1.619  3.026  3.5685  0.848    7 -2.794 3.268 1.148 -0.604 -1.746 -2.884 -4.295 -5.178 -5.445
0.017873 0.09000 9.39794 1.6190788746 2.5478706360    1.619  3.063  3.5647  0.795    7 -2.887 3.269 1.160 -0.589 -1.763 -2.956 -4.400 -5.290 -5.564
0.017873 0.09000 9.39794 1.6191002131 2.5478723049    1.619  3.103  3.5604  0.738    7 -2.988 3.270 1.173 -0.573 -1.781 -3.035 -4.514 -5.412 -5.693
0.017873 0.09000 9.39794 1.6191220284 2.5478737354    1.619  3.140  3.5564  0.685    7 -3.081 3.270 1.206 -0.531 -1.780 -3.100 -4.619 -5.525 -5.812
0.017873 0.09000 9.39794 1.6191455126 2.5478754044    1.619  3.177  3.5524  0.632    7 -3.172 3.271 1.242 -0.484 -1.776 -3.162 -4.722 -5.636 -5.930
0.017873 0.09000 9.39794 1.6191715002 2.5478770733    1.619  3.214  3.5482  0.579    7 -3.264 3.272 1.290 -0.423 -1.763 -3.219 -4.827 -5.749 -6.050
0.017873 0.09000 9.39794 1.6191930771 2.5478787422    1.619  3.244  3.5448  0.535    7 -3.339 3.273 1.342 -0.355 -1.742 -3.258 -4.914 -5.841 -6.148
0.017873 0.09000 9.39794 1.6191973686 2.5478789806    1.619  3.219  3.5476  0.570    7 -3.279 3.271 1.298 -0.412 -1.761 -3.227 -4.844 -5.767 -6.068
0.017873 0.09000 9.39794 1.6191999912 2.5478792191    1.619  3.224  3.5472  0.564    7 -3.289 3.271 1.305 -0.403 -1.758 -3.233 -4.856 -5.780 -6.082
0.017873 0.09000 9.39794 1.6192015409 2.5478792191    1.619  3.257  3.5433  0.515    7 -3.373 3.272 1.364 -0.327 -1.734 -3.276 -4.953 -5.883 -6.192
0.017873 0.09000 9.39794 1.6192033291 2.5478794575    1.619  3.291  3.5391  0.464    7 -3.459 3.277 1.440 -0.232 -1.700 -3.316 -5.052 -5.988 -6.305
0.017873 0.09000 9.39794 1.6192054749 2.5478794575    1.619  3.325  3.5351  0.415    7 -3.542 3.281 1.532 -0.116 -1.654 -3.340 -5.149 -6.091 -6.415
0.017873 0.09000 9.39794 1.6192088127 2.5478796959    1.619  3.362  3.5304  0.359    7 -3.634 3.288 1.642 0.019 -1.598 -3.364 -5.258 -6.205 -6.538
0.017873 0.09000 9.39794 1.6192127466 2.5478799343    1.619  3.383  3.5278  0.327    7 -3.687 3.290 1.718 0.112 -1.557 -3.364 -5.320 -6.271 -6.609
#isochrone terminated
