# File generated by CMD 3.4 (http://stev.oapd.inaf.it/cmd) on Wed Jun 16 15:45:36 CEST 2021
# isochrones based on PARSEC release v1.2S +  COLIBRI S_37 + S_35 + PR16
# Basic references: Bressan et al. (2012), MNRAS, 427, 127 + Chen et al. (2014, 2015), MNRAS, 444, 2525 + MNRAS, 452, 1068 + Tang et al. (2014), MNRAS, 445, 4287 + Marigo et al. (2017), ApJ, 835, 77 + Pastorelli al. (2019), MNRAS, 485, 5666 + Pastorelli al. (2020), MNRAS, in press
# Thermal pulse cycles included 
# On RGB, assumed Reimers mass loss with efficiency eta=0.2
# LPV periods and growth rates added cf. Trabucchi et al. (2019)
# Photometric system: <i>UBVRIJHK</i> (cf. Maiz-Apellaniz 2006 + Bessell 1990)
# Attention: photometry includes extinction of Av=0.62, with coefficients derived star-by-star, for Cardelli et al 89 + O'Donnell 94 Rv=3.1 extinction curve.
# Using YBC version of bolometric corrections as in Chen et al. (2019)
# O-rich circumstellar dpmod60alox40 dust from Groenewegen (2006)
# C-rich circumstellar AMCSIC15 dust from Groenewegen (2006)
# IMF: Kroupa (2001, 2002) + Kroupa et al. (2013) canonical two-part-power law IMF corrected for unresolved binaries 
# Kind of output: isochrone tables
# Zini     MH   logAge Mini        int_IMF         Mass   logL    logTe  logg  label   McoreTP C_O  period0  period1  period2  period3  period4  pmode  Mloss  tau1m   X   Y   Xc  Xn  Xo  Cexcess  Z 	 mbolmag  Umag    Bmag    Vmag    Rmag    Imag    Jmag    Hmag    Kmag
0.0092631 -0.21000 8.25527 0.0900000036 1.0816895962    0.090 -2.916  3.4175  4.930    0  0.000  0.545     0.00     0.00     0.00     0.00     0.00 -1 -1.76e-16      0.00 7.250e-01 2.657e-01 1.675e-03 4.518e-04 4.098e-03 -1.000 9.314e-03 12.059 21.693 19.153 17.204 14.938 12.663 10.161 9.535 9.190
0.0092631 -0.21000 8.25527 0.0911766291 1.0928663015    0.091 -2.906  3.4190  4.931    0  0.000  0.545     0.00     0.00     0.00     0.00     0.00 -1 -1.79e-16      0.00 7.250e-01 2.657e-01 1.675e-03 4.518e-04 4.098e-03 -1.000 9.314e-03 12.034 21.630 19.100 17.152 14.897 12.628 10.138 9.512 9.166
0.0092631 -0.21000 8.25527 0.0970628411 1.1460921764    0.097 -2.852  3.4272  4.938    0  0.000  0.545     0.00     0.00     0.00     0.00     0.00 -1 -1.95e-16      0.00 7.250e-01 2.657e-01 1.675e-03 4.518e-04 4.098e-03 -1.000 9.314e-03 11.901 21.089 18.680 16.750 14.598 12.397 10.026 9.394 9.048
0.0092631 -0.21000 8.25527 0.0999999940 1.1711063385    0.100 -2.825  3.4317  4.942    0  0.000  0.545     0.00     0.00     0.00     0.00     0.00 -1 -2.03e-16      0.00 7.250e-01 2.657e-01 1.675e-03 4.518e-04 4.098e-03 -1.000 9.314e-03 11.833 20.800 18.454 16.536 14.440 12.276 9.969 9.335 8.990
0.0092631 -0.21000 8.25527 0.1025886685 1.1923736334    0.103 -2.807  3.4339  4.944    0  0.000  0.545     0.00     0.00     0.00     0.00     0.00 -1 -2.09e-16      0.00 7.250e-01 2.657e-01 1.675e-03 4.518e-04 4.098e-03 -1.000 9.314e-03 11.788 20.656 18.335 16.425 14.354 12.207 9.930 9.295 8.949
0.0092631 -0.21000 8.25527 0.1132286340 1.2729771137    0.113 -2.734  3.4433  4.951    0  0.000  0.545     0.00     0.00     0.00     0.00     0.00 -1 -2.34e-16      0.00 7.250e-01 2.657e-01 1.675e-03 4.518e-04 4.098e-03 -1.000 9.314e-03 11.604 20.064 17.847 15.969 14.002 11.925 9.767 9.127 8.785
0.0092631 -0.21000 8.25527 0.1200000048 1.3193155527    0.120 -2.688  3.4494  4.954    0  0.000  0.545     0.00     0.00     0.00     0.00     0.00 -1 -2.51e-16      0.00 7.250e-01 2.657e-01 1.675e-03 4.518e-04 4.098e-03 -1.000 9.314e-03 11.489 19.688 17.537 15.680 13.779 11.749 9.667 9.023 8.684
0.0092631 -0.21000 8.25527 0.1245359406 1.3484960794    0.124 -2.660  3.4529  4.957    0  0.000  0.545     0.00     0.00     0.00     0.00     0.00 -1 -2.62e-16      0.00 7.250e-01 2.657e-01 1.675e-03 4.518e-04 4.098e-03 -1.000 9.314e-03 11.421 19.475 17.360 15.511 13.648 11.648 9.607 8.962 8.623
0.0092631 -0.21000 8.25527 0.1400000006 1.4384527206    0.140 -2.570  3.4643  4.963    0  0.000  0.545     0.00     0.00     0.00     0.00     0.00 -1 -3.03e-16      0.00 7.250e-01 2.657e-01 1.675e-03 4.518e-04 4.098e-03 -1.000 9.314e-03 11.194 18.786 16.789 14.964 13.222 11.323 9.409 8.759 8.426
0.0092631 -0.21000 8.25527 0.1599999964 1.5372931957    0.160 -2.469  3.4758  4.966    0  0.000  0.545     0.00     0.00     0.00     0.00     0.00 -1 -3.55e-16      0.00 7.250e-01 2.657e-01 1.675e-03 4.518e-04 4.098e-03 -1.000 9.314e-03 10.943 18.110 16.217 14.418 12.787 10.985 9.186 8.531 8.205
0.0092631 -0.21000 8.25527 0.1999999881 1.6938791275    0.200 -2.301  3.4932  4.964    0  0.000  0.545     0.00     0.00     0.00     0.00     0.00 -1 -4.67e-16      0.00 7.250e-01 2.657e-01 1.675e-03 4.518e-04 4.098e-03 -1.000 9.314e-03 10.521 17.098 15.344 13.577 12.094 10.455 8.810 8.150 7.835
0.0092631 -0.21000 8.25527 0.2009511739 1.6970961094    0.201 -2.297  3.4935  4.964    0  0.000  0.545     0.00     0.00     0.00     0.00     0.00 -1  -4.7e-16      0.00 7.250e-01 2.657e-01 1.675e-03 4.518e-04 4.098e-03 -1.000 9.314e-03 10.513 17.081 15.329 13.562 12.082 10.445 8.802 8.142 7.827
0.0092631 -0.21000 8.25527 0.2170033902 1.7485697269    0.217 -2.240  3.4985  4.960    0  0.000  0.545     0.00     0.00     0.00     0.00     0.00 -1 -5.17e-16      0.00 7.250e-01 2.657e-01 1.675e-03 4.518e-04 4.098e-03 -1.000 9.314e-03 10.369 16.786 15.070 13.316 11.872 10.275 8.670 8.009 7.698
0.0092631 -0.21000 8.25527 0.2500000000 1.8403258324    0.250 -2.128  3.5077  4.947    0  0.000  0.545     0.00     0.00     0.00     0.00     0.00 -1 -6.34e-16      0.00 7.250e-01 2.657e-01 1.675e-03 4.518e-04 4.098e-03 -1.000 9.314e-03 10.089 16.247 14.589 12.860 11.477 9.954 8.414 7.748 7.445
0.0092631 -0.21000 8.25527 0.3000000119 1.9529139996    0.300 -1.987  3.5194  4.932    0  0.000  0.545     0.00     0.00     0.00     0.00     0.00 -1 -8.15e-16      0.00 7.250e-01 2.657e-01 1.675e-03 4.518e-04 4.098e-03 -1.000 9.314e-03 9.738 15.600 14.004 12.302 10.988 9.558 8.092 7.422 7.127
0.0092631 -0.21000 8.25527 0.3173645735 1.9864360094    0.317 -1.933  3.5234  4.918    0  0.000  0.545     0.00     0.00     0.00     0.00     0.00 -1 -9.14e-16      0.00 7.250e-01 2.657e-01 1.675e-03 4.518e-04 4.098e-03 -1.000 9.314e-03 9.602 15.372 13.795 12.104 10.811 9.409 7.966 7.293 7.002
0.0092631 -0.21000 8.25527 0.3500000238 2.0434176922    0.350 -1.836  3.5303  4.891    0  0.000  0.545     0.00     0.00     0.00     0.00     0.00 -1 -1.12e-15      0.00 7.250e-01 2.657e-01 1.675e-03 4.518e-04 4.098e-03 -1.000 9.314e-03 9.360 14.977 13.430 11.759 10.500 9.146 7.741 7.064 6.778
0.0092631 -0.21000 8.25527 0.4000000358 2.1185026169    0.400 -1.691  3.5428  4.854    0  0.000  0.545     0.00     0.00     0.00     0.00     0.00 -1 -1.53e-15      0.00 7.250e-01 2.657e-01 1.675e-03 4.518e-04 4.098e-03 -1.000 9.314e-03 8.997 14.382 12.870 11.231 10.024 8.753 7.411 6.726 6.449
0.0092631 -0.21000 8.25527 0.4500000179 2.1822810173    0.450 -1.537  3.5588  4.815    0  0.000  0.545     0.00     0.00     0.00     0.00     0.00 -1 -2.15e-15      0.00 7.250e-01 2.657e-01 1.675e-03 4.518e-04 4.098e-03 -1.000 9.314e-03 8.612 13.745 12.260 10.654 9.504 8.337 7.069 6.374 6.107
0.0092631 -0.21000 8.25527 0.5000000000 2.2374541759    0.500 -1.376  3.5754  4.767    0  0.000  0.545     0.00     0.00     0.00     0.00     0.00 -1 -3.11e-15      0.00 7.250e-01 2.657e-01 1.675e-03 4.518e-04 4.098e-03 -1.000 9.314e-03 8.211 13.115 11.644 10.070 8.969 7.913 6.715 6.008 5.755
0.0092631 -0.21000 8.25527 0.5039759874 2.2415158749    0.504 -1.363  3.5778  4.767    0  0.000  0.545     0.00     0.00     0.00     0.00     0.00 -1  -3.2e-15      0.00 7.250e-01 2.657e-01 1.675e-03 4.518e-04 4.098e-03 -1.000 9.314e-03 8.178 13.053 11.583 10.013 8.919 7.877 6.689 5.980 5.730
0.0092631 -0.21000 8.25527 0.5230405331 2.2600078583    0.523 -1.303  3.5862  4.756    0  0.000  0.545     0.00     0.00     0.00     0.00     0.00 -1 -3.65e-15      0.00 7.251e-01 2.656e-01 1.674e-03 4.517e-04 4.097e-03 -1.000 9.305e-03 8.028 12.795 11.333 9.781 8.710 7.719 6.562 5.847 5.607
0.0092631 -0.21000 8.25527 0.5468142629 2.2810029984    0.546 -1.245  3.5922  4.741    0  0.000  0.545     0.00     0.00     0.00     0.00     0.00 -1 -4.13e-15      0.00 7.253e-01 2.654e-01 1.673e-03 4.514e-04 4.094e-03 -1.000 9.314e-03 7.883 12.577 11.118 9.581 8.526 7.569 6.433 5.712 5.481
0.0092631 -0.21000 8.25527 0.5500000119 2.2836582661    0.550 -1.235  3.5935  4.739    0  0.000  0.545     0.00     0.00     0.00     0.00     0.00 -1 -4.23e-15      0.00 7.253e-01 2.653e-01 1.673e-03 4.513e-04 4.093e-03 -1.000 9.314e-03 7.857 12.537 11.079 9.545 8.493 7.542 6.410 5.688 5.459
0.0092631 -0.21000 8.25527 0.6000000238 2.3211214542    0.600 -1.070  3.6184  4.711    0  0.000  0.545     0.00     0.00     0.00     0.00     0.00 -1  -6.1e-15      0.00 7.254e-01 2.653e-01 1.673e-03 4.512e-04 4.092e-03 -1.000 9.310e-03 7.445 11.836 10.385 8.934 7.948 7.116 6.057 5.319 5.131
0.0092631 -0.21000 8.25527 0.6352542043 2.3434991837    0.635 -0.955  3.6381  4.700    0  0.000  0.545     0.00     0.00     0.00     0.00     0.00 -1 -7.81e-15      0.00 7.255e-01 2.653e-01 1.672e-03 4.511e-04 4.091e-03 -1.000 9.262e-03 7.158 11.277 9.853 8.490 7.566 6.821 5.816 5.088 4.930
0.0092631 -0.21000 8.25527 0.6499999762 2.3520355225    0.650 -0.909  3.6461  4.696    0  0.000  0.545     0.00     0.00     0.00     0.00     0.00 -1 -8.63e-15      0.00 7.255e-01 2.653e-01 1.672e-03 4.511e-04 4.091e-03 -1.000 9.243e-03 7.043 11.019 9.631 8.310 7.415 6.703 5.723 5.006 4.858
0.0092631 -0.21000 8.25527 0.7000000477 2.3779268265    0.700 -0.754  3.6726  4.680    0  0.000  0.545     0.00     0.00     0.00     0.00     0.00 -1 -1.21e-14      0.00 7.256e-01 2.652e-01 1.672e-03 4.510e-04 4.090e-03 -1.000 9.294e-03 6.656 10.054 8.900 7.717 6.928 6.305 5.415 4.766 4.641
0.0092631 -0.21000 8.25527 0.7278060913 2.3905684948    0.728 -0.674  3.6861  4.670    0  0.000  0.541     0.00     0.00     0.00     0.00     0.00 -1 -1.44e-14      0.00 7.257e-01 2.651e-01 1.659e-03 4.506e-04 4.090e-03 -1.000 9.262e-03 6.455 9.563 8.550 7.429 6.692 6.100 5.256 4.650 4.532
0.0092631 -0.21000 8.25527 0.7500000000 2.3998889923    0.750 -0.612  3.6970  4.666    0  0.000  0.538     0.00     0.00     0.00     0.00     0.00 -1 -1.65e-14      0.00 7.257e-01 2.651e-01 1.649e-03 4.503e-04 4.090e-03 -1.000 9.247e-03 6.301 9.188 8.289 7.214 6.516 5.947 5.140 4.566 4.454
0.0092631 -0.21000 8.25527 0.7992203832 2.4184515476    0.799 -0.484  3.7171  4.645    0  0.000  0.538     0.00     0.00     0.00     0.00     0.00 -1 -2.19e-14      0.00 7.258e-01 2.649e-01 1.649e-03 4.501e-04 4.088e-03 -1.000 9.304e-03 5.981 8.493 7.796 6.800 6.168 5.635 4.893 4.377 4.273
0.0092631 -0.21000 8.25527 0.8484407663 2.4345595837    0.848 -0.364  3.7354  4.623    0  0.000  0.538     0.00     0.00     0.00     0.00     0.00 -1 -2.88e-14      0.00 7.259e-01 2.648e-01 1.648e-03 4.499e-04 4.087e-03 -1.000 9.300e-03 5.679 7.888 7.362 6.433 5.851 5.348 4.663 4.195 4.098
0.0092631 -0.21000 8.25527 0.8832345009 2.4447090626    0.883 -0.280  3.7468  4.603    0  0.000  0.538     0.00     0.00     0.00     0.00     0.00 -1 -3.51e-14      0.00 7.261e-01 2.645e-01 1.646e-03 4.496e-04 4.084e-03 -1.000 9.314e-03 5.469 7.494 7.076 6.191 5.640 5.155 4.503 4.062 3.971
0.0092631 -0.21000 8.25527 0.8976610899 2.4486529827    0.897 -0.248  3.7516  4.597    0  0.000  0.538     0.00     0.00     0.00     0.00     0.00 -1 -3.77e-14      0.00 7.261e-01 2.646e-01 1.647e-03 4.497e-04 4.085e-03 -1.000 9.285e-03 5.389 7.341 6.967 6.099 5.561 5.083 4.444 4.014 3.925
0.0092631 -0.21000 8.25527 0.9152278900 2.4532628059    0.915 -0.208  3.7567  4.586    0  0.000  0.538     0.00     0.00     0.00     0.00     0.00 -1 -4.15e-14      0.00 7.262e-01 2.645e-01 1.646e-03 4.495e-04 4.083e-03 -1.000 9.314e-03 5.289 7.169 6.837 5.989 5.463 4.993 4.367 3.949 3.862
0.0092631 -0.21000 8.25527 0.9468814731 2.4610750675    0.946 -0.139  3.7659  4.569    0  0.000  0.538     0.00     0.00     0.00     0.00     0.00 -1 -4.86e-14      0.00 7.264e-01 2.643e-01 1.646e-03 4.494e-04 4.082e-03 -1.000 9.290e-03 5.118 6.875 6.614 5.801 5.297 4.841 4.239 3.841 3.758
0.0092631 -0.21000 8.25527 0.9961018562 2.4720959663    0.996 -0.033  3.7788  4.536    0  0.000  0.538     0.00     0.00     0.00     0.00     0.00 -1 -6.28e-14      0.00 7.267e-01 2.640e-01 1.644e-03 4.489e-04 4.077e-03 -1.000 9.307e-03 4.852 6.452 6.276 5.516 5.043 4.607 4.038 3.667 3.591
0.0092631 -0.21000 8.25527 1.0453221798 2.4819319248    1.045  0.066  3.7903  4.504    0  0.000  0.538     0.00     0.00     0.00     0.00     0.00 -1 -7.49e-14      0.00 7.274e-01 2.633e-01 1.641e-03 4.480e-04 4.069e-03 -1.000 9.250e-03 4.605 6.091 5.970 5.257 4.809 4.391 3.851 3.502 3.432
0.0092631 -0.21000 8.25527 1.0945427418 2.4907574654    1.094  0.162  3.8009  4.470    0  0.000  0.537     0.00     0.00     0.00     0.00     0.00 -1 -8.77e-14      0.00 7.279e-01 2.629e-01 1.638e-03 4.474e-04 4.064e-03 -1.000 9.226e-03 4.364 5.766 5.680 5.009 4.583 4.181 3.665 3.337 3.271
0.0092631 -0.21000 8.25527 1.1437630653 2.4987154007    1.143  0.254  3.8108  4.437    1  0.000  0.537     0.00     0.00     0.00     0.00     0.00 -1 -1.01e-13      0.00 7.278e-01 2.629e-01 1.639e-03 4.476e-04 4.066e-03 -1.000 9.255e-03 4.134 5.471 5.407 4.773 4.367 3.980 3.487 3.177 3.115
0.0092631 -0.21000 8.25527 1.1929833889 2.5059227943    1.192  0.342  3.8205  4.406    1  0.000  0.537     0.00     0.00     0.00     0.00     0.00 -1 -1.15e-13      0.00 7.279e-01 2.629e-01 1.639e-03 4.475e-04 4.065e-03 -1.000 9.209e-03 3.914 5.205 5.148 4.547 4.160 3.789 3.317 3.027 2.967
0.0092631 -0.21000 8.25527 1.2422037125 2.5124773979    1.242  0.425  3.8302  4.380    1  0.000  0.537     0.00     0.00     0.00     0.00     0.00 -1 -1.26e-13      0.00 7.280e-01 2.628e-01 1.638e-03 4.474e-04 4.064e-03 -1.000 9.241e-03 3.707 4.959 4.903 4.334 3.966 3.610 3.161 2.889 2.831
0.0092631 -0.21000 8.25527 1.2914240360 2.5184607506    1.291  0.504  3.8403  4.358    1  0.000  0.537     0.00     0.00     0.00     0.00     0.00 -1 -1.36e-13      0.00 7.279e-01 2.629e-01 1.638e-03 4.475e-04 4.065e-03 -1.000 9.238e-03 3.510 4.733 4.671 4.131 3.782 3.443 3.017 2.765 2.709
0.0092631 -0.21000 8.25527 1.3406445980 2.5239415169    1.341  0.579  3.8513  4.344    1  0.000  0.537     0.00     0.00     0.00     0.00     0.00 -1 -1.42e-13      0.00 7.280e-01 2.627e-01 1.638e-03 4.474e-04 4.064e-03 -1.000 9.248e-03 3.323 4.519 4.447 3.938 3.611 3.290 2.888 2.658 2.603
0.0092631 -0.21000 8.25527 1.3898649216 2.5289783478    1.390  0.649  3.8639  4.339    1  0.000  0.537     0.00     0.00     0.00     0.00     0.00 -1 -1.42e-13      0.00 7.281e-01 2.627e-01 1.638e-03 4.472e-04 4.063e-03 -1.000 9.233e-03 3.147 4.319 4.232 3.756 3.454 3.155 2.780 2.574 2.521
0.0092631 -0.21000 8.25527 1.4390853643 2.5336210728    1.439  0.717  3.8782  4.344    1  0.000  0.537     0.00     0.00     0.00     0.00     0.00 -1 -1.36e-13      0.00 7.282e-01 2.626e-01 1.637e-03 4.471e-04 4.062e-03 -1.000 9.224e-03 2.979 4.132 4.026 3.584 3.310 3.037 2.692 2.512 2.460
0.0092631 -0.21000 8.25527 1.4883055687 2.5379126072    1.488  0.782  3.8927  4.352    1  0.000  0.537     0.00     0.00     0.00     0.00     0.00 -1 -1.25e-13      0.00 7.283e-01 2.625e-01 1.637e-03 4.470e-04 4.060e-03 -1.000 9.186e-03 2.816 3.953 3.827 3.420 3.174 2.927 2.612 2.457 2.406
0.0092631 -0.21000 8.25527 1.5375258923 2.5418894291    1.537  0.845  3.9066  4.358    1  0.000  0.537     0.00     0.00     0.00     0.00     0.00 -1 -1.08e-13      0.00 7.284e-01 2.624e-01 1.636e-03 4.468e-04 4.059e-03 -1.000 9.225e-03 2.658 3.784 3.640 3.267 3.048 2.825 2.537 2.403 2.353
0.0092631 -0.21000 8.25527 1.5867463350 2.5455839634    1.586  0.905  3.9196  4.364    1  0.000  0.537     0.00     0.00     0.00     0.00     0.00 -1 -8.38e-14      0.00 7.285e-01 2.623e-01 1.636e-03 4.467e-04 4.058e-03 -1.000 9.224e-03 2.507 3.624 3.465 3.126 2.933 2.731 2.466 2.351 2.301
0.0092631 -0.21000 8.25527 1.6359666586 2.5490238667    1.635  0.963  3.9318  4.368    1  0.000  0.537     0.00     0.00     0.00     0.00     0.00 -1 -5.12e-14      0.00 7.286e-01 2.622e-01 1.635e-03 4.466e-04 4.057e-03 -1.000 9.216e-03 2.363 3.472 3.306 2.999 2.827 2.644 2.398 2.298 2.249
0.0092631 -0.21000 8.25527 1.6851871014 2.5522339344    1.684  1.018  3.9432  4.371    1  0.000  0.537     0.00     0.00     0.00     0.00     0.00 -1 -8.57e-26      0.00 7.286e-01 2.621e-01 1.635e-03 4.465e-04 4.057e-03 -1.000 9.214e-03 2.224 3.328 3.165 2.886 2.731 2.562 2.334 2.244 2.197
0.0092631 -0.21000 8.25527 1.7344074249 2.5552351475    1.733  1.072  3.9536  4.372    1  0.000  0.537     0.00     0.00     0.00     0.00     0.00 -1    -1e-30      0.00 7.287e-01 2.621e-01 1.635e-03 4.465e-04 4.056e-03 -1.000 9.214e-03 2.090 3.190 3.039 2.782 2.640 2.483 2.270 2.189 2.143
0.0092631 -0.21000 8.25527 1.7836277485 2.5580468178    1.782  1.123  3.9633  4.371    1  0.000  0.537     0.00     0.00     0.00     0.00     0.00 -1    -1e-30      0.00 7.288e-01 2.620e-01 1.635e-03 4.464e-04 4.055e-03 -1.000 9.214e-03 1.962 3.060 2.923 2.685 2.554 2.407 2.207 2.133 2.088
0.0092631 -0.21000 8.25527 1.8328483105 2.5606856346    1.832  1.173  3.9721  4.369    1  0.000  0.537     0.00     0.00     0.00     0.00     0.00 -1    -1e-30      0.00 7.288e-01 2.620e-01 1.634e-03 4.463e-04 4.055e-03 -1.000 9.202e-03 1.839 2.936 2.816 2.594 2.471 2.333 2.143 2.075 2.033
0.0092631 -0.21000 8.25527 1.8841450214 2.5632674694    1.883  1.222  3.9808  4.366    1  0.000  0.537     0.00     0.00     0.00     0.00     0.00 -1    -1e-30      0.00 7.288e-01 2.619e-01 1.634e-03 4.463e-04 4.054e-03 -1.000 9.214e-03 1.714 2.813 2.712 2.504 2.389 2.257 2.079 2.015 1.975
0.0092631 -0.21000 8.25527 1.9354416132 2.5656926632    1.935  1.271  3.9890  4.362    1  0.000  0.537     0.00     0.00     0.00     0.00     0.00 -1    -1e-30      0.00 7.289e-01 2.619e-01 1.634e-03 4.462e-04 4.054e-03 -1.000 9.206e-03 1.593 2.694 2.614 2.418 2.308 2.183 2.014 1.955 1.916
0.0092631 -0.21000 8.25527 1.9867382050 2.5679745674    1.986  1.318  3.9967  4.357    1  0.000  0.537     0.00     0.00     0.00     0.00     0.00 -1    -1e-30      0.00 7.290e-01 2.618e-01 1.634e-03 4.461e-04 4.053e-03 -1.000 9.209e-03 1.475 2.580 2.519 2.335 2.230 2.110 1.950 1.894 1.858
0.0092631 -0.21000 8.25527 2.0380349159 2.5701246262    2.038  1.364  4.0042  4.351    1  0.000  0.537     0.00     0.00     0.00     0.00     0.00 -1    -1e-30      0.00 7.290e-01 2.618e-01 1.633e-03 4.461e-04 4.053e-03 -1.000 9.174e-03 1.359 2.467 2.428 2.254 2.153 2.038 1.886 1.833 1.799
0.0092631 -0.21000 8.25527 2.0842778683 2.5719590187    2.083  1.405  4.0105  4.346    1  0.000  0.537     0.00     0.00     0.00     0.00     0.00 -1    -1e-30      0.00 7.290e-01 2.618e-01 1.633e-03 4.461e-04 4.052e-03 -1.000 9.206e-03 1.257 2.369 2.348 2.183 2.085 1.973 1.829 1.778 1.746
0.0092631 -0.21000 8.25527 2.0893316269 2.5721538067    2.088  1.409  4.0112  4.345    1  0.000  0.537     0.00     0.00     0.00     0.00     0.00 -1    -1e-30      0.00 7.290e-01 2.618e-01 1.633e-03 4.461e-04 4.052e-03 -1.000 9.210e-03 1.246 2.358 2.340 2.176 2.078 1.966 1.822 1.772 1.740
0.0092631 -0.21000 8.25527 2.1406280994 2.5740716457    2.139  1.454  4.0180  4.339    1  0.000  0.537     0.00     0.00     0.00     0.00     0.00 -1    -1e-30      0.00 7.290e-01 2.618e-01 1.633e-03 4.461e-04 4.052e-03 -1.000 9.214e-03 1.136 2.252 2.254 2.098 2.004 1.895 1.759 1.711 1.681
0.0092631 -0.21000 8.25527 2.1422038078 2.5741288662    2.141  1.455  4.0182  4.338    1  0.000  0.537     0.00     0.00     0.00     0.00     0.00 -1    -1e-30      0.00 7.290e-01 2.618e-01 1.633e-03 4.461e-04 4.052e-03 -1.000 9.214e-03 1.132 2.249 2.252 2.096 2.001 1.893 1.757 1.710 1.679
0.0092631 -0.21000 8.25527 2.1919248104 2.5758864880    2.190  1.497  4.0247  4.332    1  0.000  0.537     0.00     0.00     0.00     0.00     0.00 -1    -1e-30      0.00 7.291e-01 2.617e-01 1.633e-03 4.460e-04 4.052e-03 -1.000 9.217e-03 1.027 2.149 2.171 2.023 1.931 1.826 1.697 1.651 1.623
0.0092631 -0.21000 8.25527 2.2432215214 2.5776064396    2.242  1.540  4.0310  4.325    1  0.000  0.537     0.00     0.00     0.00     0.00     0.00 -1    -1e-30      0.00 7.291e-01 2.617e-01 1.633e-03 4.460e-04 4.052e-03 -1.000 9.219e-03 0.921 2.048 2.090 1.949 1.859 1.757 1.634 1.591 1.564
0.0092631 -0.21000 8.25527 2.2805132866 2.5788009167    2.279  1.570  4.0354  4.319    1  0.000  0.537     0.00     0.00     0.00     0.00     0.00 -1    -1e-30      0.00 7.291e-01 2.617e-01 1.633e-03 4.460e-04 4.052e-03 -1.000 9.215e-03 0.845 1.977 2.033 1.896 1.807 1.707 1.589 1.547 1.522
0.0092631 -0.21000 8.25527 2.2945179939 2.5792379379    2.293  1.581  4.0371  4.317    1  0.000  0.537     0.00     0.00     0.00     0.00     0.00 -1    -1e-30      0.00 7.291e-01 2.617e-01 1.633e-03 4.460e-04 4.052e-03 -1.000 9.215e-03 0.817 1.950 2.012 1.876 1.788 1.689 1.573 1.531 1.506
0.0092631 -0.21000 8.25527 2.3140141964 2.5798363686    2.312  1.597  4.0393  4.314    1  0.000  0.537     0.00     0.00     0.00     0.00     0.00 -1    -1e-30      0.00 7.291e-01 2.617e-01 1.633e-03 4.460e-04 4.052e-03 -1.000 9.214e-03 0.778 1.914 1.982 1.849 1.761 1.663 1.549 1.508 1.484
0.0092631 -0.21000 8.25527 2.3458147049 2.5807878971    2.344  1.622  4.0429  4.310    1  0.000  0.537     0.00     0.00     0.00     0.00     0.00 -1    -1e-30      0.00 7.291e-01 2.617e-01 1.633e-03 4.460e-04 4.052e-03 -1.000 9.206e-03 0.715 1.854 1.934 1.804 1.718 1.621 1.511 1.471 1.448
0.0092631 -0.21000 8.25527 2.3971114159 2.5822615623    2.395  1.662  4.0486  4.301    1  0.000  0.537     0.00     0.00     0.00     0.00     0.00 -1    -1e-30      0.00 7.288e-01 2.620e-01 1.634e-03 4.463e-04 4.055e-03 -1.000 9.196e-03 0.614 1.761 1.858 1.733 1.649 1.554 1.450 1.411 1.390
0.0092631 -0.21000 8.25527 2.4452798367 2.5835809708    2.443  1.699  4.0538  4.294    1  0.000  0.537     0.00     0.00     0.00     0.00     0.00 -1    -1e-30      0.00 7.283e-01 2.625e-01 1.637e-03 4.471e-04 4.062e-03 -1.000 9.214e-03 0.523 1.676 1.790 1.669 1.586 1.493 1.395 1.358 1.337
0.0092631 -0.21000 8.25527 2.4484081268 2.5836646557    2.446  1.701  4.0541  4.294    1  0.000  0.537     0.00     0.00     0.00     0.00     0.00 -1    -1e-30      0.00 7.283e-01 2.625e-01 1.637e-03 4.472e-04 4.062e-03 -1.000 9.216e-03 0.517 1.671 1.786 1.665 1.582 1.489 1.391 1.354 1.334
0.0092631 -0.21000 8.25527 2.5401258469 2.5860116482    2.538  1.771  4.0635  4.278    1  0.000  0.538     0.00     0.00     0.00     0.00     0.00 -1    -1e-30      0.00 7.270e-01 2.638e-01 1.644e-03 4.488e-04 4.077e-03 -1.000 9.257e-03 0.343 1.509 1.654 1.540 1.460 1.371 1.281 1.247 1.229
0.0092631 -0.21000 8.25527 2.6535947323 2.5886585712    2.652  1.856  4.0743  4.255    1  0.000  0.538     0.00     0.00     0.00     0.00     0.00 -1    -1e-30      0.00 7.251e-01 2.656e-01 1.653e-03 4.513e-04 4.099e-03 -1.000 9.314e-03 0.131 1.314 1.492 1.386 1.308 1.223 1.144 1.113 1.097
0.0092631 -0.21000 8.25527 2.6804525852 2.5892474651    2.679  1.875  4.0767  4.250    1  0.000  0.538     0.00     0.00     0.00     0.00     0.00 -1    -1e-30      0.00 7.251e-01 2.656e-01 1.653e-03 4.513e-04 4.099e-03 -1.000 9.314e-03 0.082 1.269 1.454 1.350 1.273 1.188 1.112 1.081 1.066
0.0092631 -0.21000 8.25527 2.8032379150 2.5917754173    2.802  1.964  4.0869  4.221    1  0.000  0.538     0.00     0.00     0.00     0.00     0.00 -1    -1e-30      0.00 7.251e-01 2.656e-01 1.653e-03 4.513e-04 4.099e-03 -1.000 9.314e-03 -0.140 1.065 1.282 1.184 1.109 1.028 0.961 0.933 0.920
0.0092631 -0.21000 8.25527 2.8587813377 2.5928370953    2.858  2.003  4.0912  4.207    1  0.000  0.538     0.00     0.00     0.00     0.00     0.00 -1    -1e-30      0.00 7.251e-01 2.656e-01 1.653e-03 4.513e-04 4.099e-03 -1.000 9.314e-03 -0.239 0.974 1.203 1.108 1.034 0.955 0.891 0.864 0.852
0.0092631 -0.21000 8.25527 2.9251070023 2.5940444469    2.924  2.050  4.0960  4.190    1  0.000  0.538     0.00     0.00     0.00     0.00     0.00 -1    -1e-30      0.00 7.251e-01 2.656e-01 1.653e-03 4.513e-04 4.099e-03 -1.000 9.314e-03 -0.355 0.867 1.110 1.019 0.946 0.868 0.809 0.782 0.772
0.0092631 -0.21000 8.25527 3.0224628448 2.5957069397    3.021  2.118  4.1023  4.161    1  0.000  0.538     0.00     0.00     0.00     0.00     0.00 -1    -1e-30      0.00 7.251e-01 2.656e-01 1.653e-03 4.513e-04 4.099e-03 -1.000 9.314e-03 -0.526 0.708 0.970 0.883 0.811 0.735 0.681 0.656 0.647
0.0092631 -0.21000 8.25527 3.0639677048 2.5963788033    3.063  2.147  4.1047  4.148    1  0.000  0.538     0.00     0.00     0.00     0.00     0.00 -1    -1e-30      0.00 7.251e-01 2.656e-01 1.653e-03 4.513e-04 4.099e-03 -1.000 9.314e-03 -0.598 0.639 0.909 0.823 0.752 0.676 0.625 0.601 0.592
0.0092631 -0.21000 8.25527 3.1295778751 2.5973992348    3.128  2.193  4.1082  4.125    1  0.000  0.538     0.00     0.00     0.00     0.00     0.00 -1    -1e-30      0.00 7.251e-01 2.656e-01 1.653e-03 4.513e-04 4.099e-03 -1.000 9.314e-03 -0.713 0.532 0.812 0.728 0.657 0.583 0.535 0.511 0.503
0.0092631 -0.21000 8.25527 3.2081501484 2.5985581875    3.206  2.248  4.1117  4.095    1  0.000  0.538     0.00     0.00     0.00     0.00     0.00 -1    -1e-30      0.00 7.251e-01 2.656e-01 1.653e-03 4.513e-04 4.099e-03 -1.000 9.314e-03 -0.849 0.402 0.692 0.612 0.541 0.468 0.423 0.400 0.393
0.0092631 -0.21000 8.25527 3.2691545486 2.5994141102    3.267  2.290  4.1139  4.070    1  0.000  0.538     0.00     0.00     0.00     0.00     0.00 -1    -1e-30      0.00 7.251e-01 2.656e-01 1.653e-03 4.513e-04 4.099e-03 -1.000 9.314e-03 -0.954 0.300 0.597 0.518 0.449 0.376 0.332 0.310 0.303
0.0092631 -0.21000 8.25527 3.2796218395 2.5995571613    3.277  2.297  4.1142  4.065    1  0.000  0.538     0.00     0.00     0.00     0.00     0.00 -1    -1e-30      0.00 7.251e-01 2.656e-01 1.653e-03 4.513e-04 4.099e-03 -1.000 9.314e-03 -0.972 0.283 0.581 0.503 0.433 0.360 0.316 0.294 0.288
0.0092631 -0.21000 8.25527 3.3393208981 2.6003541946    3.337  2.338  4.1155  4.037    1  0.000  0.538     0.00     0.00     0.00     0.00     0.00 -1    -1e-30      0.00 7.251e-01 2.656e-01 1.653e-03 4.513e-04 4.099e-03 -1.000 9.314e-03 -1.076 0.180 0.483 0.406 0.336 0.264 0.222 0.200 0.193
0.0092631 -0.21000 8.25527 3.4173283577 2.6013472080    3.414  2.393  4.1159  3.994    1  0.000  0.538     0.00     0.00     0.00     0.00     0.00 -1    -1e-30      0.00 7.251e-01 2.656e-01 1.653e-03 4.513e-04 4.099e-03 -1.000 9.314e-03 -1.213 0.041 0.347 0.271 0.201 0.129 0.087 0.065 0.059
0.0092631 -0.21000 8.25527 3.4743411541 2.6020407677    3.471  2.434  4.1155  3.959    1  0.000  0.538     0.00     0.00     0.00     0.00     0.00 -1    -1e-30      0.00 7.251e-01 2.656e-01 1.653e-03 4.513e-04 4.099e-03 -1.000 9.314e-03 -1.314 -0.064 0.243 0.168 0.098 0.025 -0.017 -0.039 -0.046
0.0092631 -0.21000 8.25527 3.5307788849 2.6027021408    3.527  2.473  4.1144  3.922    1  0.000  0.538     0.00     0.00     0.00     0.00     0.00 -1    -1e-30      0.00 7.251e-01 2.656e-01 1.653e-03 4.513e-04 4.099e-03 -1.000 9.314e-03 -1.414 -0.169 0.137 0.062 -0.009 -0.082 -0.125 -0.147 -0.154
0.0092631 -0.21000 8.25527 3.5847427845 2.6033120155    3.581  2.512  4.1116  3.878    1  0.000  0.538     0.00     0.00     0.00     0.00     0.00 -1    -1e-30      0.00 7.251e-01 2.656e-01 1.653e-03 4.513e-04 4.099e-03 -1.000 9.314e-03 -1.511 -0.278 0.025 -0.052 -0.123 -0.197 -0.243 -0.266 -0.272
0.0092631 -0.21000 8.25527 3.6449944973 2.6039683819    3.641  2.556  4.1071  3.823    1  0.000  0.538     0.00     0.00     0.00     0.00     0.00 -1    -1e-30      0.00 7.251e-01 2.656e-01 1.653e-03 4.513e-04 4.099e-03 -1.000 9.314e-03 -1.621 -0.403 -0.109 -0.187 -0.260 -0.336 -0.385 -0.409 -0.416
0.0092631 -0.21000 8.25527 3.6795272827 2.6043336391    3.676  2.582  4.1035  3.788    1  0.000  0.538     0.00     0.00     0.00     0.00     0.00 -1    -1e-30      0.00 7.251e-01 2.656e-01 1.653e-03 4.513e-04 4.099e-03 -1.000 9.314e-03 -1.684 -0.478 -0.192 -0.270 -0.344 -0.422 -0.473 -0.499 -0.507
0.0092631 -0.21000 8.25527 3.6990237236 2.6045362949    3.696  2.596  4.1013  3.767    1  0.000  0.538     0.00     0.00     0.00     0.00     0.00 -1    -1e-30      0.00 7.251e-01 2.656e-01 1.653e-03 4.513e-04 4.099e-03 -1.000 9.314e-03 -1.719 -0.520 -0.238 -0.317 -0.392 -0.470 -0.524 -0.550 -0.558
0.0092631 -0.21000 8.25527 3.7407124043 2.6049616337    3.738  2.627  4.0947  3.714    1  0.000  0.538     0.00     0.00     0.00     0.00     0.00 -1    -1e-30      0.00 7.251e-01 2.656e-01 1.653e-03 4.513e-04 4.099e-03 -1.000 9.314e-03 -1.797 -0.618 -0.351 -0.432 -0.509 -0.590 -0.648 -0.676 -0.686
0.0092631 -0.21000 8.25527 3.7793464661 2.6053459644    3.776  2.656  4.0874  3.660    1  0.000  0.538     0.00     0.00     0.00     0.00     0.00 -1    -1e-30      0.00 7.251e-01 2.656e-01 1.653e-03 4.513e-04 4.099e-03 -1.000 9.314e-03 -1.870 -0.712 -0.461 -0.546 -0.624 -0.708 -0.772 -0.802 -0.813
0.0092631 -0.21000 8.25527 3.8153057098 2.6056957245    3.813  2.684  4.0794  3.605    1  0.000  0.538     0.00     0.00     0.00     0.00     0.00 -1    -1e-30      0.00 7.251e-01 2.656e-01 1.653e-03 4.513e-04 4.099e-03 -1.000 9.314e-03 -1.940 -0.803 -0.571 -0.658 -0.739 -0.825 -0.897 -0.929 -0.941
0.0092631 -0.21000 8.25527 3.8429312706 2.6059594154    3.840  2.707  4.0728  3.558    1  0.000  0.538     0.00     0.00     0.00     0.00     0.00 -1    -1e-30      0.00 7.251e-01 2.656e-01 1.653e-03 4.513e-04 4.099e-03 -1.000 9.314e-03 -1.998 -0.878 -0.662 -0.752 -0.834 -0.924 -1.001 -1.035 -1.048
0.0092631 -0.21000 8.25527 3.8739652634 2.6062505245    3.871  2.736  4.0674  3.511    1  0.000  0.538     0.00     0.00     0.00     0.00     0.00 -1    -1e-30      0.00 7.251e-01 2.656e-01 1.653e-03 4.513e-04 4.099e-03 -1.000 9.314e-03 -2.071 -0.965 -0.762 -0.854 -0.938 -1.029 -1.112 -1.147 -1.161
0.0092631 -0.21000 8.25527 3.8847141266 2.6063499451    3.883  2.754  4.0733  3.518    1  0.000  0.538     0.00     0.00     0.00     0.00     0.00 -1    -1e-30      0.00 7.251e-01 2.656e-01 1.653e-03 4.513e-04 4.099e-03 -1.000 9.314e-03 -2.115 -0.997 -0.777 -0.866 -0.949 -1.038 -1.115 -1.149 -1.162
0.0092631 -0.21000 8.25527 3.8886024952 2.6063859463    3.886  2.760  4.0755  3.521    1  0.000  0.538     0.00     0.00     0.00     0.00     0.00 -1    -1e-30      0.00 7.251e-01 2.656e-01 1.653e-03 4.513e-04 4.099e-03 -1.000 9.314e-03 -2.131 -1.009 -0.783 -0.871 -0.953 -1.041 -1.116 -1.149 -1.162
0.0092631 -0.21000 8.25527 3.8935289383 2.6064312458    3.891  2.776  4.0857  3.547    1  0.000  0.538     0.00     0.00     0.00     0.00     0.00 -1    -1e-30      0.00 7.251e-01 2.656e-01 1.653e-03 4.513e-04 4.099e-03 -1.000 9.314e-03 -2.170 -1.025 -0.771 -0.855 -0.934 -1.019 -1.085 -1.115 -1.126
0.0092631 -0.21000 8.25527 3.8956212997 2.6064503193    3.893  2.790  4.0961  3.575    1  0.000  0.538     0.00     0.00     0.00     0.00     0.00 -1    -1e-30      0.00 7.251e-01 2.656e-01 1.653e-03 4.513e-04 4.099e-03 -1.000 9.314e-03 -2.205 -1.034 -0.754 -0.833 -0.910 -0.991 -1.048 -1.076 -1.085
0.0092631 -0.21000 8.25527 3.8966660500 2.6064600945    3.894  2.805  4.1059  3.600    1  0.000  0.538     0.00     0.00     0.00     0.00     0.00 -1    -1e-30      0.00 7.251e-01 2.656e-01 1.653e-03 4.513e-04 4.099e-03 -1.000 9.314e-03 -2.241 -1.045 -0.740 -0.815 -0.889 -0.967 -1.016 -1.041 -1.048
0.0092631 -0.21000 8.25527 3.8973038197 2.6064658165    3.895  2.822  4.1162  3.623    1  0.000  0.538     0.00     0.00     0.00     0.00     0.00 -1    -1e-30      0.00 7.251e-01 2.656e-01 1.653e-03 4.513e-04 4.099e-03 -1.000 9.314e-03 -2.286 -1.060 -0.732 -0.801 -0.874 -0.948 -0.988 -1.011 -1.016
0.0092631 -0.21000 8.25527 3.8977031708 2.6064693928    3.896  2.841  4.1254  3.641    1  0.000  0.538     0.00     0.00     0.00     0.00     0.00 -1    -1e-30      0.00 7.251e-01 2.656e-01 1.653e-03 4.513e-04 4.099e-03 -1.000 9.314e-03 -2.332 -1.078 -0.729 -0.795 -0.865 -0.936 -0.969 -0.990 -0.993
0.0092631 -0.21000 8.25527 3.8978712559 2.6064710617    3.896  2.846  4.1286  3.649    1  0.000  0.538     0.00     0.00     0.00     0.00     0.00 -1    -1e-30      0.00 7.251e-01 2.656e-01 1.653e-03 4.513e-04 4.099e-03 -1.000 9.314e-03 -2.345 -1.082 -0.725 -0.789 -0.858 -0.928 -0.959 -0.979 -0.982
0.0092631 -0.21000 8.25527 3.8979191780 2.6064715385    3.896  2.839  4.1267  3.649    1  0.000  0.538     0.00     0.00     0.00     0.00     0.00 -1    -1e-30      0.00 7.251e-01 2.656e-01 1.653e-03 4.513e-04 4.099e-03 -1.000 9.314e-03 -2.327 -1.069 -0.717 -0.782 -0.851 -0.922 -0.954 -0.975 -0.978
0.0092631 -0.21000 8.25527 3.8980917931 2.6064729691    3.896  2.811  4.1188  3.645    2  0.000  0.538     0.00     0.00     0.00     0.00     0.00 -1    -1e-30      0.00 7.251e-01 2.656e-01 1.653e-03 4.513e-04 4.099e-03 -1.000 9.314e-03 -2.258 -1.023 -0.689 -0.758 -0.830 -0.903 -0.941 -0.963 -0.968
0.0092631 -0.21000 8.25527 3.8982086182 2.6064741611    3.896  2.793  4.1094  3.626    2  0.000  0.538     0.00     0.00     0.00     0.00     0.00 -1    -1e-30      0.00 7.251e-01 2.656e-01 1.653e-03 4.513e-04 4.099e-03 -1.000 9.314e-03 -2.211 -1.004 -0.692 -0.765 -0.839 -0.915 -0.961 -0.985 -0.992
0.0092631 -0.21000 8.25527 3.8983514309 2.6064753532    3.896  2.786  4.0976  3.585    2  0.000  0.538     0.00     0.00     0.00     0.00     0.00 -1    -1e-30      0.00 7.251e-01 2.656e-01 1.653e-03 4.513e-04 4.099e-03 -1.000 9.314e-03 -2.195 -1.020 -0.737 -0.815 -0.891 -0.972 -1.027 -1.055 -1.063
0.0092631 -0.21000 8.25527 3.8985092640 2.6064767838    3.896  2.795  4.0859  3.529    2  0.000  0.538     0.00     0.00     0.00     0.00     0.00 -1    -1e-30      0.00 7.251e-01 2.656e-01 1.653e-03 4.513e-04 4.099e-03 -1.000 9.314e-03 -2.218 -1.074 -0.819 -0.902 -0.981 -1.066 -1.132 -1.162 -1.173
0.0092631 -0.21000 8.25527 3.8986878395 2.6064784527    3.896  2.810  4.0741  3.467    2  0.000  0.538     0.00     0.00     0.00     0.00     0.00 -1    -1e-30      0.00 7.251e-01 2.656e-01 1.653e-03 4.513e-04 4.099e-03 -1.000 9.314e-03 -2.254 -1.139 -0.914 -1.001 -1.084 -1.173 -1.250 -1.283 -1.296
0.0092631 -0.21000 8.25527 3.8988823891 2.6064803600    3.897  2.822  4.0622  3.408    2  0.000  0.538     0.00     0.00     0.00     0.00     0.00 -1    -1e-30      0.00 7.251e-01 2.656e-01 1.653e-03 4.513e-04 4.099e-03 -1.000 9.314e-03 -2.284 -1.196 -1.001 -1.094 -1.180 -1.274 -1.361 -1.399 -1.413
0.0092631 -0.21000 8.25527 3.8990876675 2.6064822674    3.897  2.830  4.0502  3.352    2  0.000  0.538     0.00     0.00     0.00     0.00     0.00 -1    -1e-30      0.00 7.251e-01 2.656e-01 1.653e-03 4.513e-04 4.099e-03 -1.000 9.314e-03 -2.304 -1.241 -1.077 -1.177 -1.266 -1.365 -1.463 -1.504 -1.521
0.0092631 -0.21000 8.25527 3.8993010521 2.6064841747    3.897  2.835  4.0382  3.299    2  0.000  0.538     0.00     0.00     0.00     0.00     0.00 -1    -1e-30      0.00 7.251e-01 2.656e-01 1.653e-03 4.513e-04 4.099e-03 -1.000 9.314e-03 -2.317 -1.275 -1.145 -1.250 -1.343 -1.447 -1.557 -1.602 -1.621
0.0092631 -0.21000 8.25527 3.8995194435 2.6064860821    3.897  2.838  4.0262  3.248    2  0.000  0.538     0.00     0.00     0.00     0.00     0.00 -1    -1e-30      0.00 7.251e-01 2.656e-01 1.653e-03 4.513e-04 4.099e-03 -1.000 9.314e-03 -2.325 -1.300 -1.206 -1.317 -1.413 -1.522 -1.646 -1.694 -1.717
0.0092631 -0.21000 8.25527 3.8997395039 2.6064882278    3.898  2.839  4.0142  3.198    2  0.000  0.538     0.00     0.00     0.00     0.00     0.00 -1    -1e-30      0.00 7.251e-01 2.656e-01 1.653e-03 4.513e-04 4.099e-03 -1.000 9.314e-03 -2.328 -1.319 -1.261 -1.379 -1.478 -1.593 -1.730 -1.783 -1.808
0.0092631 -0.21000 8.25527 3.8999583721 2.6064901352    3.898  2.839  4.0021  3.150    2  0.000  0.538     0.00     0.00     0.00     0.00     0.00 -1    -1e-30      0.00 7.251e-01 2.656e-01 1.653e-03 4.513e-04 4.099e-03 -1.000 9.314e-03 -2.328 -1.331 -1.310 -1.436 -1.539 -1.660 -1.810 -1.868 -1.896
0.0092631 -0.21000 8.25527 3.9001731873 2.6064920425    3.898  2.838  3.9901  3.103    2  0.000  0.538     0.00     0.00     0.00     0.00     0.00 -1    -1e-30      0.00 7.251e-01 2.656e-01 1.653e-03 4.513e-04 4.099e-03 -1.000 9.314e-03 -2.326 -1.338 -1.354 -1.489 -1.596 -1.723 -1.888 -1.950 -1.982
0.0092631 -0.21000 8.25527 3.9003820419 2.6064939499    3.898  2.836  3.9780  3.056    2  0.000  0.538     0.00     0.00     0.00     0.00     0.00 -1    -1e-30      0.00 7.251e-01 2.656e-01 1.653e-03 4.513e-04 4.099e-03 -1.000 9.314e-03 -2.321 -1.337 -1.392 -1.536 -1.649 -1.782 -1.963 -2.030 -2.066
0.0092631 -0.21000 8.25527 3.9005835056 2.6064958572    3.898  2.833  3.9659  3.011    2  0.000  0.538     0.00     0.00     0.00     0.00     0.00 -1    -1e-30      0.00 7.251e-01 2.656e-01 1.653e-03 4.513e-04 4.099e-03 -1.000 9.314e-03 -2.314 -1.328 -1.423 -1.579 -1.698 -1.839 -2.036 -2.109 -2.148
0.0092631 -0.21000 8.25527 3.9007761478 2.6064975262    3.899  2.830  3.9537  2.966    2  0.000  0.538     0.00     0.00     0.00     0.00     0.00 -1    -1e-30      0.00 7.251e-01 2.656e-01 1.653e-03 4.513e-04 4.099e-03 -1.000 9.314e-03 -2.304 -1.314 -1.445 -1.617 -1.743 -1.893 -2.107 -2.186 -2.229
0.0092631 -0.21000 8.25527 3.9009597301 2.6064991951    3.899  2.826  3.9416  2.922    2  0.000  0.538     0.00     0.00     0.00     0.00     0.00 -1    -1e-30      0.00 7.251e-01 2.656e-01 1.653e-03 4.513e-04 4.099e-03 -1.000 9.314e-03 -2.294 -1.292 -1.460 -1.649 -1.784 -1.944 -2.176 -2.262 -2.308
0.0092631 -0.21000 8.25527 3.9011335373 2.6065008640    3.899  2.821  3.9294  2.878    2  0.000  0.538     0.00     0.00     0.00     0.00     0.00 -1    -1e-30      0.00 7.251e-01 2.656e-01 1.653e-03 4.513e-04 4.099e-03 -1.000 9.314e-03 -2.282 -1.260 -1.464 -1.673 -1.820 -1.991 -2.242 -2.337 -2.386
0.0092631 -0.21000 8.25527 3.9012978077 2.6065022945    3.899  2.815  3.9173  2.835    2  0.000  0.538     0.00     0.00     0.00     0.00     0.00 -1    -1e-30      0.00 7.251e-01 2.656e-01 1.653e-03 4.513e-04 4.099e-03 -1.000 9.314e-03 -2.268 -1.218 -1.452 -1.687 -1.849 -2.033 -2.305 -2.411 -2.463
0.0092631 -0.21000 8.25527 3.9014523029 2.6065037251    3.899  2.809  3.9051  2.792    2  0.000  0.538     0.00     0.00     0.00     0.00     0.00 -1    -1e-30      0.00 7.251e-01 2.656e-01 1.653e-03 4.513e-04 4.099e-03 -1.000 9.314e-03 -2.253 -1.172 -1.430 -1.692 -1.872 -2.072 -2.366 -2.484 -2.539
0.0092631 -0.21000 8.25527 3.9015979767 2.6065051556    3.899  2.803  3.8929  2.750    2  0.000  0.538     0.00     0.00     0.00     0.00     0.00 -1    -1e-30      0.00 7.251e-01 2.656e-01 1.653e-03 4.513e-04 4.099e-03 -1.000 9.314e-03 -2.237 -1.121 -1.397 -1.690 -1.890 -2.108 -2.424 -2.557 -2.615
0.0092631 -0.21000 8.25527 3.9017343521 2.6065063477    3.900  2.796  3.8807  2.708    2  0.000  0.538     0.00     0.00     0.00     0.00     0.00 -1    -1e-30      0.00 7.251e-01 2.656e-01 1.653e-03 4.513e-04 4.099e-03 -1.000 9.314e-03 -2.220 -1.067 -1.351 -1.681 -1.903 -2.141 -2.480 -2.630 -2.690
0.0092631 -0.21000 8.25527 3.9018623829 2.6065075397    3.900  2.789  3.8686  2.666    2  0.000  0.538     0.00     0.00     0.00     0.00     0.00 -1    -1e-30      0.00 7.251e-01 2.656e-01 1.653e-03 4.513e-04 4.099e-03 -1.000 9.314e-03 -2.203 -1.010 -1.294 -1.666 -1.913 -2.171 -2.535 -2.703 -2.765
0.0092631 -0.21000 8.25527 3.9019823074 2.6065087318    3.900  2.782  3.8565  2.625    2  0.000  0.538     0.00     0.00     0.00     0.00     0.00 -1    -1e-30      0.00 7.251e-01 2.656e-01 1.653e-03 4.513e-04 4.099e-03 -1.000 9.314e-03 -2.184 -0.949 -1.229 -1.646 -1.920 -2.199 -2.587 -2.776 -2.840
0.0092631 -0.21000 8.25527 3.9020950794 2.6065096855    3.900  2.774  3.8443  2.585    2  0.000  0.538     0.00     0.00     0.00     0.00     0.00 -1    -1e-30      0.00 7.251e-01 2.656e-01 1.653e-03 4.513e-04 4.099e-03 -1.000 9.314e-03 -2.165 -0.885 -1.160 -1.620 -1.921 -2.222 -2.637 -2.847 -2.913
0.0092631 -0.21000 8.25527 3.9022006989 2.6065106392    3.900  2.766  3.8323  2.544    2  0.000  0.538     0.00     0.00     0.00     0.00     0.00 -1    -1e-30      0.00 7.251e-01 2.656e-01 1.653e-03 4.513e-04 4.099e-03 -1.000 9.314e-03 -2.145 -0.816 -1.088 -1.591 -1.918 -2.242 -2.683 -2.917 -2.985
0.0092631 -0.21000 8.25527 3.9023003578 2.6065115929    3.900  2.758  3.8202  2.505    2  0.000  0.538     0.00     0.00     0.00     0.00     0.00 -1    -1e-30      0.00 7.251e-01 2.656e-01 1.653e-03 4.513e-04 4.099e-03 -1.000 9.314e-03 -2.124 -0.740 -1.011 -1.558 -1.912 -2.258 -2.727 -2.985 -3.056
0.0092631 -0.21000 8.25527 3.9023940563 2.6065123081    3.900  2.749  3.8083  2.465    2  0.000  0.538     0.00     0.00     0.00     0.00     0.00 -1    -1e-30      0.00 7.251e-01 2.656e-01 1.653e-03 4.513e-04 4.099e-03 -1.000 9.314e-03 -2.102 -0.654 -0.929 -1.522 -1.903 -2.271 -2.768 -3.052 -3.125
0.0092631 -0.21000 8.25527 3.9024827480 2.6065132618    3.900  2.740  3.7963  2.426    2  0.000  0.538     0.00     0.00     0.00     0.00     0.00 -1    -1e-30      0.00 7.251e-01 2.656e-01 1.653e-03 4.513e-04 4.099e-03 -1.000 9.314e-03 -2.080 -0.555 -0.839 -1.482 -1.891 -2.282 -2.808 -3.116 -3.193
0.0092631 -0.21000 8.25527 3.9025664330 2.6065139771    3.900  2.731  3.7847  2.389    2  0.000  0.538     0.00     0.00     0.00     0.00     0.00 -1    -1e-30      0.00 7.251e-01 2.656e-01 1.653e-03 4.513e-04 4.099e-03 -1.000 9.314e-03 -2.058 -0.448 -0.747 -1.441 -1.876 -2.288 -2.843 -3.178 -3.258
0.0092631 -0.21000 8.25527 3.9026460648 2.6065146923    3.900  2.722  3.7733  2.353    2  0.000  0.538     0.00     0.00     0.00     0.00     0.00 -1    -1e-30      0.00 7.251e-01 2.656e-01 1.653e-03 4.513e-04 4.099e-03 -1.000 9.314e-03 -2.034 -0.326 -0.648 -1.395 -1.857 -2.291 -2.877 -3.239 -3.323
0.0092631 -0.21000 8.25527 3.9027221203 2.6065154076    3.901  2.712  3.7629  2.321    2  0.000  0.538     0.00     0.00     0.00     0.00     0.00 -1    -1e-30      0.00 7.251e-01 2.656e-01 1.653e-03 4.513e-04 4.099e-03 -1.000 9.314e-03 -2.010 -0.202 -0.553 -1.348 -1.834 -2.288 -2.903 -3.292 -3.379
0.0092631 -0.21000 8.25527 3.9027976990 2.6065161228    3.901  2.702  3.7533  2.293    2  0.000  0.538     0.00     0.00     0.00     0.00     0.00 -1    -1e-30      0.00 7.251e-01 2.656e-01 1.653e-03 4.513e-04 4.099e-03 -1.000 9.314e-03 -1.984 -0.078 -0.461 -1.299 -1.807 -2.278 -2.919 -3.334 -3.424
0.0092631 -0.21000 8.25527 3.9028809071 2.6065168381    3.901  2.689  3.7440  2.268    2  0.000  0.538     0.00     0.00     0.00     0.00     0.00 -1    -1e-30      0.00 7.251e-01 2.656e-01 1.653e-03 4.513e-04 4.099e-03 -1.000 9.314e-03 -1.953 0.054 -0.366 -1.244 -1.772 -2.260 -2.928 -3.367 -3.460
0.0092631 -0.21000 8.25527 3.9029741287 2.6065177917    3.901  2.674  3.7356  2.250    2  0.000  0.538     0.00     0.00     0.00     0.00     0.00 -1    -1e-30      0.00 7.251e-01 2.656e-01 1.653e-03 4.513e-04 4.099e-03 -1.000 9.314e-03 -1.915 0.193 -0.268 -1.182 -1.729 -2.231 -2.925 -3.387 -3.481
0.0092631 -0.21000 8.25527 3.9031021595 2.6065189838    3.901  2.651  3.7264  2.235    2  0.000  0.538     0.00     0.00     0.00     0.00     0.00 -1    -1e-30      0.00 7.251e-01 2.656e-01 1.653e-03 4.513e-04 4.099e-03 -1.000 9.314e-03 -1.859 0.373 -0.141 -1.096 -1.665 -2.184 -2.906 -3.393 -3.489
0.0092631 -0.21000 8.25527 3.9032239914 2.6065199375    3.901  2.629  3.7189  2.228    2  0.000  0.538     0.00     0.00     0.00     0.00     0.00 -1    -1e-30      0.00 7.251e-01 2.656e-01 1.653e-03 4.513e-04 4.099e-03 -1.000 9.314e-03 -1.802 0.535 -0.026 -1.015 -1.601 -2.132 -2.878 -3.387 -3.485
0.0092631 -0.21000 8.25527 3.9033651352 2.6065213680    3.901  2.605  3.7109  2.220    2  0.000  0.538     0.00     0.00     0.00     0.00     0.00 -1    -1e-30      0.00 7.251e-01 2.656e-01 1.653e-03 4.513e-04 4.099e-03 -1.000 9.314e-03 -1.742 0.718 0.099 -0.926 -1.531 -2.077 -2.849 -3.380 -3.480
0.0092631 -0.21000 8.25527 3.9035177231 2.6065227985    3.901  2.589  3.7027  2.203    2  0.000  0.538     0.00     0.00     0.00     0.00     0.00 -1    -1e-30      0.00 7.251e-01 2.656e-01 1.653e-03 4.513e-04 4.099e-03 -1.000 9.314e-03 -1.701 0.896 0.210 -0.852 -1.478 -2.038 -2.838 -3.393 -3.496
0.0092631 -0.21000 8.25527 3.9035689831 2.6065230370    3.901  2.584  3.6999  2.197    2  0.000  0.538     0.00     0.00     0.00     0.00     0.00 -1    -1e-30      0.00 7.251e-01 2.656e-01 1.653e-03 4.513e-04 4.099e-03 -1.000 9.314e-03 -1.690 0.953 0.244 -0.830 -1.463 -2.028 -2.837 -3.400 -3.504
0.0092631 -0.21000 8.25527 3.9036293030 2.6065237522    3.901  2.586  3.6968  2.182    3  0.000  0.538     0.00     0.00     0.00     0.00     0.00 -1    -1e-30      0.00 7.251e-01 2.656e-01 1.653e-03 4.513e-04 4.099e-03 -1.000 9.314e-03 -1.696 1.006 0.268 -0.822 -1.462 -2.033 -2.853 -3.425 -3.530
0.0092631 -0.21000 8.25527 3.9038045406 2.6065254211    3.902  2.610  3.6879  2.123    3  0.000  0.538     0.00     0.00     0.00     0.00     0.00 -1    -1e-30      0.00 7.251e-01 2.656e-01 1.653e-03 4.513e-04 4.099e-03 -1.000 9.314e-03 -1.755 1.120 0.293 -0.840 -1.504 -2.092 -2.943 -3.541 -3.650
0.0092631 -0.21000 8.25527 3.9039347172 2.6065263748    3.902  2.644  3.6816  2.063    3  0.000  0.537     0.00     0.00     0.00     0.00     0.00 -1    -1e-30      0.00 7.250e-01 2.656e-01 1.652e-03 4.514e-04 4.099e-03 -1.000 9.314e-03 -1.840 1.167 0.271 -0.894 -1.576 -2.176 -3.050 -3.667 -3.778
0.0092631 -0.21000 8.25527 3.9040684700 2.6065278053    3.902  2.684  3.6759  2.001    3  0.000  0.536     0.00     0.00     0.00     0.00     0.00 -1    -1e-30      0.00 7.250e-01 2.657e-01 1.647e-03 4.526e-04 4.099e-03 -1.000 9.314e-03 -1.941 1.193 0.231 -0.964 -1.663 -2.274 -3.168 -3.803 -3.917
0.0092631 -0.21000 8.25527 3.9041996002 2.6065289974    3.902  2.720  3.6716  1.948    3  0.000  0.528     0.00     0.00     0.00     0.00     0.00 -1    -1e-30      0.00 7.249e-01 2.658e-01 1.622e-03 4.644e-04 4.099e-03 -1.000 9.314e-03 -2.030 1.187 0.196 -1.034 -1.744 -2.361 -3.271 -3.910 -4.029
0.0092631 -0.21000 8.25527 3.9044470787 2.6065311432    3.902  2.769  3.6660  1.876    3  0.000  0.491     0.00     0.00     0.00     0.00     0.00 -1    -1e-30      0.00 7.248e-01 2.659e-01 1.511e-03 5.715e-04 4.099e-03 -1.000 9.327e-03 -2.154 1.184 0.143 -1.127 -1.854 -2.479 -3.410 -4.059 -4.185
0.0092631 -0.21000 8.25527 3.9045424461 2.6065320969    3.902  2.784  3.6644  1.855    3  0.000  0.474     0.00     0.00     0.00     0.00     0.00 -1    -1e-30      0.00 7.247e-01 2.659e-01 1.459e-03 6.334e-04 4.099e-03 -1.000 9.338e-03 -2.190 1.183 0.127 -1.155 -1.886 -2.514 -3.451 -4.103 -4.231
0.0092631 -0.21000 8.25527 3.9047560692 2.6065340042    3.903  2.811  3.6614  1.816    3  0.000  0.444     0.00     0.00     0.00     0.00     0.00 -1    -1e-30      0.00 7.246e-01 2.660e-01 1.366e-03 7.477e-04 4.099e-03 -1.000 9.399e-03 -2.258 1.178 0.096 -1.207 -1.946 -2.579 -3.528 -4.185 -4.316
0.0092631 -0.21000 8.25527 3.9047987461 2.6065344810    3.903  2.817  3.6609  1.808    3  0.000  0.440     0.00     0.00     0.00     0.00     0.00 -1    -1e-30      0.00 7.246e-01 2.660e-01 1.351e-03 7.660e-04 4.099e-03 -1.000 9.374e-03 -2.271 1.177 0.090 -1.217 -1.957 -2.592 -3.543 -4.200 -4.332
0.0092631 -0.21000 8.25527 3.9048976898 2.6065351963    3.903  2.828  3.6597  1.792    3  0.000  0.431     0.00     0.00     0.00     0.00     0.00 -1    -1e-30      0.00 7.246e-01 2.661e-01 1.325e-03 7.983e-04 4.099e-03 -1.000 9.355e-03 -2.300 1.174 0.076 -1.239 -1.982 -2.618 -3.574 -4.234 -4.367
0.0092631 -0.21000 8.25527 3.9052438736 2.6065385342    3.903  2.867  3.6558  1.737    3  0.000  0.404     0.00     0.00     0.00     0.00     0.00 -1    -1e-30      0.00 7.244e-01 2.662e-01 1.241e-03 9.017e-04 4.099e-03 -1.000 9.391e-03 -2.398 1.198 0.029 -1.307 -2.065 -2.713 -3.685 -4.360 -4.495
0.0092631 -0.21000 8.25527 3.9055900574 2.6065416336    3.903  2.906  3.6520  1.683    3  0.000  0.385     0.00     0.00     0.00     0.00     0.00 -1    -1e-30      0.00 7.242e-01 2.664e-01 1.184e-03 9.739e-04 4.095e-03 -1.000 9.414e-03 -2.495 1.189 -0.018 -1.380 -2.149 -2.804 -3.791 -4.474 -4.613
0.0092631 -0.21000 8.25527 3.9059360027 2.6065447330    3.904  2.945  3.6483  1.630    3  0.000  0.376     0.00     0.00     0.00     0.00     0.00 -1    -1e-30      0.00 7.232e-01 2.674e-01 1.142e-03 1.068e-03 4.046e-03 -1.000 9.405e-03 -2.591 1.177 -0.065 -1.453 -2.232 -2.894 -3.897 -4.586 -4.731
0.0092631 -0.21000 8.25527 3.9062821865 2.6065478325    3.904  2.983  3.6450  1.578    3  0.000  0.374     0.00     0.00     0.00     0.00     0.00 -1    -1e-30      0.00 7.202e-01 2.705e-01 1.108e-03 1.198e-03 3.946e-03 -1.000 9.388e-03 -2.687 1.160 -0.115 -1.527 -2.314 -2.983 -4.001 -4.696 -4.846
0.0092631 -0.21000 8.25527 3.9066278934 2.6065511703    3.904  3.021  3.6418  1.527    3  0.000  0.374     0.00     0.00     0.00     0.00     0.00 -1    -1e-30      0.00 7.153e-01 2.753e-01 1.079e-03 1.320e-03 3.847e-03 -1.000 9.377e-03 -2.784 1.139 -0.168 -1.602 -2.397 -3.073 -4.104 -4.805 -4.960
0.0092631 -0.21000 8.25527 3.9069738388 2.6065542698    3.905  3.060  3.6385  1.476    3  0.000  0.374     0.00     0.00     0.00     0.00     0.00 -1    -1e-30      0.00 7.099e-01 2.807e-01 1.056e-03 1.420e-03 3.766e-03 -1.000 9.363e-03 -2.880 1.131 -0.217 -1.674 -2.479 -3.162 -4.208 -4.916 -5.076
0.0092631 -0.21000 8.25527 3.9073193073 2.6065573692    3.905  3.099  3.6353  1.424    3  0.000  0.373     0.00     0.00     0.00     0.00     0.00 -1    -1e-30      0.00 7.047e-01 2.859e-01 1.037e-03 1.500e-03 3.702e-03 -1.000 9.362e-03 -2.977 1.140 -0.264 -1.743 -2.560 -3.253 -4.313 -5.030 -5.194
0.0092631 -0.21000 8.25527 3.9077146053 2.6065609455    3.906  3.139  3.6321  1.372    3  0.000  0.373     0.00     0.00     0.00     0.00     0.00 -1    -1e-30      0.00 6.998e-01 2.908e-01 1.022e-03 1.564e-03 3.650e-03 -1.000 9.336e-03 -3.076 1.146 -0.315 -1.815 -2.644 -3.346 -4.421 -5.147 -5.315
0.0092631 -0.21000 8.25527 3.9086515903 2.6065695286    3.906  3.171  3.6295  1.328    3  0.000  0.373     0.00     0.00     0.00     0.00     0.00 -1    -1e-30      0.00 6.966e-01 2.941e-01 1.014e-03 1.602e-03 3.618e-03 -1.000 9.344e-03 -3.158 1.152 -0.355 -1.873 -2.713 -3.422 -4.509 -5.243 -5.414
0.0092631 -0.21000 8.25527 3.9151909351 2.6066288948    3.913  3.131  3.6334  1.385    4  0.000  0.373     0.00     0.00     0.00     0.00     0.00 -1    -1e-30      0.00 6.966e-01 2.940e-01 1.014e-03 1.602e-03 3.619e-03 -1.000 9.346e-03 -3.058 1.124 -0.316 -1.809 -2.633 -3.331 -4.400 -5.122 -5.288
0.0092631 -0.21000 8.25527 3.9198641777 2.6066713333    3.918  3.087  3.6376  1.446    4  0.000  0.373     0.00     0.00     0.00     0.00     0.00 -1    -1e-30      0.00 6.966e-01 2.940e-01 1.014e-03 1.602e-03 3.619e-03 -1.000 9.347e-03 -2.948 1.101 -0.269 -1.734 -2.543 -3.229 -4.279 -4.989 -5.150
0.0092631 -0.21000 8.25527 3.9229879379 2.6066994667    3.921  3.046  3.6414  1.504    4  0.000  0.373     0.00     0.00     0.00     0.00     0.00 -1    -1e-30      0.00 6.967e-01 2.940e-01 1.014e-03 1.602e-03 3.619e-03 -1.000 9.348e-03 -2.844 1.086 -0.222 -1.662 -2.457 -3.132 -4.165 -4.864 -5.021
0.0092631 -0.21000 8.25527 3.9253926277 2.6067211628    3.923  3.009  3.6449  1.554    4  0.000  0.373     0.00     0.00     0.00     0.00     0.00 -1    -1e-30      0.00 6.967e-01 2.940e-01 1.014e-03 1.602e-03 3.619e-03 -1.000 9.349e-03 -2.752 1.097 -0.177 -1.593 -2.379 -3.047 -4.065 -4.758 -4.910
0.0092631 -0.21000 8.25527 3.9277639389 2.6067423820    3.926  2.971  3.6484  1.607    4  0.000  0.373     0.00     0.00     0.00     0.00     0.00 -1    -1e-30      0.00 6.967e-01 2.940e-01 1.014e-03 1.602e-03 3.619e-03 -1.000 9.349e-03 -2.657 1.109 -0.130 -1.521 -2.299 -2.960 -3.962 -4.649 -4.795
0.0092631 -0.21000 8.25527 3.9305357933 2.6067674160    3.928  2.927  3.6526  1.668    4  0.000  0.373     0.00     0.00     0.00     0.00     0.00 -1    -1e-30      0.00 6.967e-01 2.940e-01 1.014e-03 1.601e-03 3.619e-03 -1.000 9.350e-03 -2.547 1.124 -0.075 -1.438 -2.204 -2.857 -3.842 -4.521 -4.661
0.0092631 -0.21000 8.25527 3.9332866669 2.6067922115    3.931  2.886  3.6565  1.724    4  0.000  0.373     0.00     0.00     0.00     0.00     0.00 -1    -1e-30      0.00 6.967e-01 2.940e-01 1.014e-03 1.601e-03 3.619e-03 -1.000 9.351e-03 -2.446 1.135 -0.026 -1.361 -2.117 -2.762 -3.731 -4.402 -4.537
0.0092631 -0.21000 8.25527 3.9365892410 2.6068217754    3.934  2.845  3.6608  1.783    4  0.000  0.373     0.00     0.00     0.00     0.00     0.00 -1    -1e-30      0.00 6.967e-01 2.939e-01 1.014e-03 1.601e-03 3.619e-03 -1.000 9.352e-03 -2.343 1.111 0.022 -1.289 -2.029 -2.663 -3.615 -4.270 -4.403
0.0092631 -0.21000 8.25527 3.9404015541 2.6068558693    3.938  2.808  3.6651  1.838    4  0.000  0.373     0.00     0.00     0.00     0.00     0.00 -1    -1e-30      0.00 6.967e-01 2.939e-01 1.014e-03 1.601e-03 3.619e-03 -1.000 9.353e-03 -2.250 1.110 0.061 -1.220 -1.949 -2.575 -3.510 -4.158 -4.285
0.0092631 -0.21000 8.25527 3.9456303120 2.6069023609    3.944  2.774  3.6702  1.893    4  0.000  0.373     0.00     0.00     0.00     0.00     0.00 -1    -1e-30      0.00 6.967e-01 2.939e-01 1.014e-03 1.601e-03 3.619e-03 -1.000 9.354e-03 -2.164 1.087 0.084 -1.163 -1.877 -2.495 -3.410 -4.048 -4.170
0.0092631 -0.21000 8.25527 3.9549639225 2.6069853306    3.953  2.749  3.6779  1.949    4  0.000  0.374     0.00     0.00     0.00     0.00     0.00 -1    -1e-30      0.00 6.968e-01 2.939e-01 1.014e-03 1.601e-03 3.619e-03 -1.000 9.357e-03 -2.102 0.992 0.058 -1.141 -1.833 -2.438 -3.325 -3.946 -4.061
0.0092631 -0.21000 8.25527 3.9556071758 2.6069910526    3.954  2.748  3.6784  1.952    4  0.000  0.374     0.00     0.00     0.00     0.00     0.00 -1    -1e-30      0.00 6.968e-01 2.939e-01 1.014e-03 1.601e-03 3.619e-03 -1.000 9.357e-03 -2.101 0.983 0.054 -1.142 -1.833 -2.437 -3.322 -3.942 -4.056
0.0092631 -0.21000 8.25527 3.9644713402 2.6070694923    3.962  2.780  3.6877  1.959    5  0.000  0.374     0.00     0.00     0.00     0.00     0.00 -1    -1e-30      0.00 6.968e-01 2.938e-01 1.015e-03 1.601e-03 3.619e-03 -1.000 9.359e-03 -2.179 0.736 -0.118 -1.265 -1.932 -2.520 -3.371 -3.967 -4.075
0.0092631 -0.21000 8.25527 3.9755361080 2.6071665287    3.973  2.850  3.7060  1.963    5  0.000  0.374     0.00     0.00     0.00     0.00     0.00 -1    -1e-30      0.00 6.969e-01 2.938e-01 1.015e-03 1.600e-03 3.619e-03 -1.000 9.362e-03 -2.356 0.236 -0.459 -1.523 -2.143 -2.697 -3.485 -4.027 -4.128
0.0092631 -0.21000 8.25527 3.9809224606 2.6072137356    3.979  2.871  3.7103  1.961    5  0.000  0.374     0.00     0.00     0.00     0.00     0.00 -1    -1e-30      0.00 6.969e-01 2.938e-01 1.015e-03 1.600e-03 3.619e-03 -1.000 9.364e-03 -2.406 0.114 -0.547 -1.592 -2.201 -2.747 -3.520 -4.049 -4.149
0.0092631 -0.21000 8.25527 3.9842119217 2.6072423458    3.982  2.883  3.7129  1.959    5  0.000  0.374     0.00     0.00     0.00     0.00     0.00 -1    -1e-30      0.00 6.969e-01 2.938e-01 1.015e-03 1.600e-03 3.619e-03 -1.000 9.365e-03 -2.438 0.044 -0.600 -1.633 -2.236 -2.778 -3.542 -4.063 -4.162
0.0092631 -0.21000 8.25527 3.9875857830 2.6072716713    3.986  2.896  3.7166  1.960    5  0.000  0.374     0.00     0.00     0.00     0.00     0.00 -1    -1e-30      0.00 6.969e-01 2.937e-01 1.015e-03 1.600e-03 3.619e-03 -1.000 9.366e-03 -2.471 -0.045 -0.663 -1.679 -2.273 -2.809 -3.561 -4.071 -4.170
0.0092631 -0.21000 8.25527 3.9907021523 2.6072988510    3.989  2.907  3.7208  1.967    5  0.000  0.374     0.00     0.00     0.00     0.00     0.00 -1    -1e-30      0.00 6.969e-01 2.937e-01 1.015e-03 1.600e-03 3.619e-03 -1.000 9.367e-03 -2.497 -0.136 -0.725 -1.721 -2.305 -2.833 -3.571 -4.070 -4.167
0.0092631 -0.21000 8.25527 3.9934647083 2.6073226929    3.991  2.915  3.7248  1.975    5  0.000  0.374     0.00     0.00     0.00     0.00     0.00 -1    -1e-30      0.00 6.969e-01 2.937e-01 1.015e-03 1.600e-03 3.619e-03 -1.000 9.367e-03 -2.517 -0.215 -0.778 -1.755 -2.329 -2.850 -3.575 -4.062 -4.159
0.0092631 -0.21000 8.25527 3.9969899654 2.6073532104    3.995  2.922  3.7281  1.982    5  0.000  0.374     0.00     0.00     0.00     0.00     0.00 -1    -1e-30      0.00 6.969e-01 2.937e-01 1.015e-03 1.600e-03 3.619e-03 -1.000 9.368e-03 -2.536 -0.283 -0.824 -1.785 -2.351 -2.865 -3.581 -4.058 -4.155
0.0092631 -0.21000 8.25527 4.0005865097 2.6073842049    3.999  2.930  3.7318  1.989    5  0.000  0.374     0.00     0.00     0.00     0.00     0.00 -1    -1e-30      0.00 6.969e-01 2.937e-01 1.015e-03 1.600e-03 3.619e-03 -1.000 9.369e-03 -2.555 -0.353 -0.873 -1.816 -2.373 -2.881 -3.585 -4.052 -4.148
0.0092631 -0.21000 8.25527 4.0057597160 2.6074287891    4.004  2.936  3.7304  1.978    5  0.000  0.374     0.00     0.00     0.00     0.00     0.00 -1    -1e-30      0.00 6.970e-01 2.937e-01 1.015e-03 1.600e-03 3.619e-03 -1.000 9.371e-03 -2.570 -0.347 -0.876 -1.826 -2.387 -2.898 -3.606 -4.076 -4.172
0.0092631 -0.21000 8.25527 4.0293531418 2.6076304913    4.027  2.967  3.7283  1.942    6  0.000  0.374     0.00     0.00     0.00     0.00     0.00 -1    -1e-30      0.00 6.970e-01 2.936e-01 1.016e-03 1.599e-03 3.619e-03 -1.000 9.377e-03 -2.647 -0.386 -0.934 -1.897 -2.463 -2.978 -3.692 -4.167 -4.264
0.0092631 -0.21000 8.25527 4.0474209785 2.6077830791    4.045  2.985  3.7217  1.899    6  0.000  0.374     0.00     0.00     0.00     0.00     0.00 -1    -1e-30      0.00 6.971e-01 2.935e-01 1.016e-03 1.599e-03 3.619e-03 -1.000 9.382e-03 -2.692 -0.325 -0.923 -1.920 -2.503 -3.030 -3.765 -4.259 -4.357
0.0092631 -0.21000 8.25527 4.0564389229 2.6078586578    4.054  2.989  3.7141  1.866    6  0.000  0.374     0.00     0.00     0.00     0.00     0.00 -1    -1e-30      0.00 6.971e-01 2.935e-01 1.016e-03 1.599e-03 3.619e-03 -1.000 9.384e-03 -2.702 -0.212 -0.867 -1.903 -2.505 -3.045 -3.804 -4.319 -4.419
0.0092631 -0.21000 8.25527 4.0628929138 2.6079125404    4.061  2.987  3.7067  1.838    6  0.000  0.374     0.00     0.00     0.00     0.00     0.00 -1    -1e-30      0.00 6.972e-01 2.934e-01 1.016e-03 1.598e-03 3.619e-03 -1.000 9.386e-03 -2.698 -0.080 -0.796 -1.869 -2.490 -3.044 -3.828 -4.364 -4.465
0.0092631 -0.21000 8.25527 4.0695867538 2.6079680920    4.068  2.981  3.6983  1.812    6  0.000  0.374     0.00     0.00     0.00     0.00     0.00 -1    -1e-30      0.00 6.972e-01 2.934e-01 1.016e-03 1.598e-03 3.619e-03 -1.000 9.388e-03 -2.682 0.089 -0.702 -1.818 -2.460 -3.029 -3.842 -4.403 -4.507
0.0092631 -0.21000 8.25527 4.0763001442 2.6080236435    4.074  2.963  3.6875  1.787    6  0.000  0.374     0.00     0.00     0.00     0.00     0.00 -1    -1e-30      0.00 6.972e-01 2.934e-01 1.017e-03 1.598e-03 3.619e-03 -1.000 9.390e-03 -2.638 0.340 -0.555 -1.723 -2.394 -2.984 -3.835 -4.428 -4.536
0.0092631 -0.21000 8.25527 4.0805668831 2.6080589294    4.079  2.948  3.6798  1.771    6  0.000  0.374     0.00     0.00     0.00     0.00     0.00 -1    -1e-30      0.00 6.972e-01 2.934e-01 1.017e-03 1.598e-03 3.619e-03 -1.000 9.391e-03 -2.601 0.496 -0.440 -1.655 -2.344 -2.943 -3.821 -4.428 -4.544
0.0092631 -0.21000 8.25527 4.0840673447 2.6080877781    4.082  2.939  3.6727  1.752    6  0.000  0.374     0.00     0.00     0.00     0.00     0.00 -1    -1e-30      0.00 6.972e-01 2.934e-01 1.017e-03 1.598e-03 3.619e-03 -1.000 9.392e-03 -2.579 0.651 -0.341 -1.596 -2.304 -2.915 -3.820 -4.443 -4.565
0.0092631 -0.21000 8.25527 4.0877981186 2.6081182957    4.086  2.953  3.6626  1.699    6  0.000  0.374     0.00     0.00     0.00     0.00     0.00 -1    -1e-30      0.00 6.973e-01 2.933e-01 1.017e-03 1.598e-03 3.619e-03 -1.000 9.393e-03 -2.611 0.818 -0.258 -1.573 -2.307 -2.936 -3.880 -4.525 -4.658
0.0092631 -0.21000 8.25527 4.0889477730 2.6081278324    4.087  2.984  3.6559  1.641    6  0.000  0.374     0.00     0.00     0.00     0.00     0.00 -1    -1e-30      0.00 6.973e-01 2.933e-01 1.017e-03 1.598e-03 3.619e-03 -1.000 9.393e-03 -2.691 0.905 -0.255 -1.607 -2.362 -3.006 -3.978 -4.643 -4.781
0.0092631 -0.21000 8.25527 4.0891523361 2.6081295013    4.087  3.004  3.6530  1.610    6  0.000  0.374     0.00     0.00     0.00     0.00     0.00 -1    -1e-30      0.00 6.973e-01 2.933e-01 1.017e-03 1.598e-03 3.619e-03 -1.000 9.393e-03 -2.740 0.923 -0.267 -1.637 -2.400 -3.050 -4.034 -4.706 -4.848
0.0092631 -0.21000 8.25527 4.0892324448 2.6081302166    4.087  3.026  3.6504  1.578    7  0.000  0.374     0.00     0.00     0.00     0.00     0.00 -1    -1e-30      0.00 6.973e-01 2.933e-01 1.017e-03 1.598e-03 3.619e-03 -1.000 9.393e-03 -2.794 0.927 -0.288 -1.676 -2.445 -3.100 -4.095 -4.772 -4.917
0.0092631 -0.21000 8.25527 4.0893249512 2.6081309319    4.087  3.059  3.6468  1.529    7  0.000  0.374     0.00     0.00     0.00     0.00     0.00 -1    -1e-30      0.00 6.973e-01 2.933e-01 1.017e-03 1.598e-03 3.619e-03 -1.000 9.393e-03 -2.878 0.926 -0.325 -1.736 -2.515 -3.177 -4.188 -4.872 -5.023
0.0092631 -0.21000 8.25527 4.0894947052 2.6081323624    4.088  3.074  3.6456  1.510    7  0.000  0.374     0.00     0.00     0.00     0.00     0.00 -1    -1e-30      0.00 6.973e-01 2.933e-01 1.017e-03 1.598e-03 3.619e-03 -1.000 9.393e-03 -2.915 0.919 -0.344 -1.764 -2.546 -3.211 -4.227 -4.913 -5.066
0.0092631 -0.21000 8.25527 4.0896906853 2.6081337929    4.088  3.075  3.6455  1.508    7  0.000  0.374     0.00     0.00     0.00     0.00     0.00 -1    -1e-30      0.00 6.973e-01 2.933e-01 1.017e-03 1.598e-03 3.619e-03 -1.000 9.393e-03 -2.919 0.917 -0.347 -1.768 -2.550 -3.215 -4.231 -4.917 -5.070
0.0092631 -0.21000 8.25527 4.0899009705 2.6081357002    4.088  3.063  3.6466  1.525    7  0.000  0.374     0.00     0.00     0.00     0.00     0.00 -1    -1e-30      0.00 6.973e-01 2.933e-01 1.017e-03 1.598e-03 3.619e-03 -1.000 9.393e-03 -2.887 0.922 -0.330 -1.743 -2.523 -3.186 -4.197 -4.881 -5.032
0.0092631 -0.21000 8.25527 4.0899806023 2.6081361771    4.088  3.058  3.6470  1.532    7  0.000  0.374     0.00     0.00     0.00     0.00     0.00 -1    -1e-30      0.00 6.973e-01 2.933e-01 1.017e-03 1.598e-03 3.619e-03 -1.000 9.393e-03 -2.875 0.924 -0.324 -1.734 -2.513 -3.175 -4.184 -4.868 -5.018
0.0092631 -0.21000 8.25527 4.0904231071 2.6081399918    4.089  3.088  3.6437  1.488    7  0.000  0.374     0.00     0.00     0.00     0.00     0.00 -1    -1e-30      0.00 6.973e-01 2.933e-01 1.017e-03 1.598e-03 3.619e-03 -1.000 9.393e-03 -2.950 0.934 -0.353 -1.785 -2.573 -3.243 -4.267 -4.958 -5.113
0.0092631 -0.21000 8.25527 4.0907120705 2.6081423759    4.089  3.127  3.6397  1.433    7  0.000  0.374     0.00     0.00     0.00     0.00     0.00 -1    -1e-30      0.00 6.973e-01 2.933e-01 1.017e-03 1.598e-03 3.619e-03 -1.000 9.393e-03 -3.048 0.958 -0.394 -1.852 -2.653 -3.333 -4.375 -5.077 -5.237
0.0092631 -0.21000 8.25527 4.0910544395 2.6081449986    4.089  3.166  3.6360  1.380    7  0.000  0.374     0.00     0.00     0.00     0.00     0.00 -1    -1e-30      0.00 6.973e-01 2.933e-01 1.017e-03 1.598e-03 3.619e-03 -1.000 9.393e-03 -3.145 0.979 -0.435 -1.917 -2.732 -3.423 -4.481 -5.194 -5.358
0.0092631 -0.21000 8.25527 4.0915031433 2.6081488132    4.090  3.205  3.6322  1.326    7  0.000  0.374     0.00     0.00     0.00     0.00     0.00 -1    -1e-30      0.00 6.973e-01 2.933e-01 1.017e-03 1.598e-03 3.619e-03 -1.000 9.393e-03 -3.243 1.001 -0.476 -1.982 -2.812 -3.513 -4.588 -5.312 -5.480
0.0092631 -0.21000 8.25527 4.0920729637 2.6081533432    4.090  3.245  3.6285  1.271    7  0.000  0.374     0.00     0.00     0.00     0.00     0.00 -1    -1e-30      0.00 6.973e-01 2.933e-01 1.017e-03 1.598e-03 3.619e-03 -1.000 9.393e-03 -3.343 1.021 -0.518 -2.049 -2.893 -3.605 -4.697 -5.432 -5.605
0.0092631 -0.21000 8.25527 4.0927224159 2.6081588268    4.091  3.285  3.6250  1.217    7  0.000  0.374     0.00     0.00     0.00     0.00     0.00 -1    -1e-30      0.00 6.973e-01 2.933e-01 1.017e-03 1.598e-03 3.619e-03 -1.000 9.392e-03 -3.442 1.037 -0.561 -2.114 -2.972 -3.697 -4.805 -5.551 -5.728
0.0092631 -0.21000 8.25527 4.0933861732 2.6081640720    4.092  3.324  3.6213  1.163    7  0.000  0.374     0.00     0.00     0.00     0.00     0.00 -1    -1e-30      0.00 6.973e-01 2.933e-01 1.016e-03 1.598e-03 3.619e-03 -1.000 9.392e-03 -3.541 1.057 -0.602 -2.179 -3.052 -3.788 -4.912 -5.669 -5.851
0.0092631 -0.21000 8.25527 4.0940227509 2.6081693172    4.092  3.364  3.6177  1.108    7  0.000  0.373     0.00     0.00     0.00     0.00     0.00 -1    -1e-30      0.00 6.973e-01 2.933e-01 1.014e-03 1.599e-03 3.619e-03 -1.000 9.392e-03 -3.641 1.079 -0.641 -2.241 -3.129 -3.878 -5.020 -5.787 -5.974
0.0092631 -0.21000 8.25527 4.0946168900 2.6081743240    4.093  3.404  3.6140  1.054    7  0.000  0.372     0.00     0.00     0.00     0.00     0.00 -1    -1e-30      0.00 6.973e-01 2.933e-01 1.010e-03 1.604e-03 3.619e-03 -1.000 9.392e-03 -3.741 1.101 -0.679 -2.303 -3.206 -3.969 -5.127 -5.906 -6.097
0.0092631 -0.21000 8.25527 4.0951609612 2.6081786156    4.093  3.445  3.6105  0.999    7  0.000  0.370     0.00     0.00     0.00     0.00     0.00 -1    -1e-30      0.00 6.973e-01 2.933e-01 1.006e-03 1.610e-03 3.619e-03 -1.000 9.392e-03 -3.841 1.124 -0.718 -2.367 -3.285 -4.061 -5.236 -6.025 -6.221
0.0092631 -0.21000 8.25527 4.0956530571 2.6081826687    4.094  3.485  3.6068  0.944    7  0.000  0.369     0.00     0.00     0.00     0.00     0.00 -1 -1.28e-30      0.00 6.973e-01 2.933e-01 1.001e-03 1.615e-03 3.619e-03 -1.000 9.412e-03 -3.942 1.155 -0.750 -2.423 -3.359 -4.152 -5.344 -6.144 -6.346
0.0092631 -0.21000 8.25527 4.0960969925 2.6081862450    4.094  3.525  3.6031  0.890    7  0.000  0.368     0.00     0.00     0.00     0.00     0.00 -1 -2.42e-30      0.00 6.973e-01 2.933e-01 9.983e-04 1.619e-03 3.619e-03 -1.000 9.413e-03 -4.043 1.186 -0.781 -2.479 -3.432 -4.242 -5.452 -6.263 -6.470
0.0092631 -0.21000 8.25527 4.0965008736 2.6081895828    4.095  3.565  3.5992  0.834    7  0.000  0.367     0.00     0.00     0.00     0.00     0.00 -1 -1.94e-19      0.00 6.973e-01 2.933e-01 9.959e-04 1.622e-03 3.618e-03 -1.000 9.434e-03 -4.142 1.224 -0.806 -2.530 -3.501 -4.330 -5.560 -6.382 -6.595
0.0092631 -0.21000 8.25527 4.0968766212 2.6081926823    4.095  3.604  3.5955  0.780    7  0.000  0.366     0.00     0.00     0.00     0.00     0.00 -1 -8.72e-09      0.00 6.973e-01 2.933e-01 9.937e-04 1.625e-03 3.618e-03 -1.000 9.435e-03 -4.240 1.253 -0.831 -2.578 -3.568 -4.417 -5.666 -6.499 -6.718
0.0092631 -0.21000 8.25527 4.0972275734 2.6081955433    4.095  3.644  3.5919  0.726    7  0.000  0.365     0.00     0.00     0.00     0.00     0.00 -1 -1.04e-08      0.00 6.973e-01 2.933e-01 9.916e-04 1.628e-03 3.617e-03 -1.000 9.436e-03 -4.339 1.282 -0.856 -2.626 -3.635 -4.505 -5.773 -6.616 -6.840
0.0092631 -0.21000 8.25527 4.0975527763 2.6081981659    4.095  3.683  3.5882  0.672    7  0.000  0.365     0.00     0.00     0.00     0.00     0.00 -1 -1.25e-08      0.00 6.973e-01 2.933e-01 9.898e-04 1.631e-03 3.616e-03 -1.000 9.435e-03 -4.438 1.308 -0.878 -2.670 -3.698 -4.591 -5.878 -6.732 -6.963
0.0092631 -0.21000 8.25527 4.0978541374 2.6082007885    4.094  3.722  3.5845  0.618    7  0.000  0.364     0.00     0.00     0.00     0.00     0.00 -1 -1.49e-08      0.00 6.972e-01 2.933e-01 9.881e-04 1.636e-03 3.613e-03 -1.000 9.432e-03 -4.535 1.331 -0.897 -2.710 -3.757 -4.676 -5.984 -6.848 -7.084
0.0092631 -0.21000 8.25527 4.0981349945 2.6082029343    4.094  3.761  3.5808  0.565    7  0.000  0.364     0.00     0.00     0.00     0.00     0.00 -1 -1.84e-08      0.00 6.971e-01 2.934e-01 9.865e-04 1.641e-03 3.609e-03 -1.000 9.468e-03 -4.632 1.356 -0.914 -2.747 -3.815 -4.761 -6.088 -6.963 -7.205
0.0092631 -0.21000 8.25527 4.0983986855 2.6082050800    4.094  3.799  3.5769  0.511    7  0.000  0.364     0.00     0.00     0.00     0.00     0.00 -1  -2.5e-08      0.00 6.970e-01 2.935e-01 9.853e-04 1.647e-03 3.604e-03 -1.000 9.467e-03 -4.728 1.376 -0.923 -2.772 -3.862 -4.843 -6.194 -7.078 -7.327
0.0092631 -0.21000 8.25527 4.0986452103 2.6082072258    4.093  3.838  3.5731  0.457    7  0.000  0.364     0.00     0.00     0.00     0.00     0.00 -1 -3.66e-08      0.00 6.967e-01 2.939e-01 9.835e-04 1.654e-03 3.599e-03 -1.000 9.448e-03 -4.824 1.400 -0.924 -2.789 -3.905 -4.924 -6.299 -7.193 -7.448
0.0092631 -0.21000 8.25527 4.0988783836 2.6082091331    4.092  3.875  3.5692  0.403    7  0.000  0.364     0.00     0.00     0.00     0.00     0.00 -1 -5.39e-08      0.00 6.959e-01 2.947e-01 9.815e-04 1.663e-03 3.591e-03 -1.000 9.437e-03 -4.918 1.423 -0.921 -2.800 -3.942 -5.003 -6.403 -7.307 -7.569
0.0092631 -0.21000 8.25527 4.0991034508 2.6082108021    4.091  3.913  3.5653  0.350    7  0.000  0.364     0.00     0.00     0.00     0.00     0.00 -1 -7.93e-08      0.00 6.943e-01 2.963e-01 9.790e-04 1.674e-03 3.582e-03 -1.000 9.415e-03 -5.012 1.438 -0.908 -2.797 -3.969 -5.080 -6.507 -7.420 -7.688
0.0092631 -0.21000 8.25527 4.0993194580 2.6082127094    4.089  3.950  3.5613  0.297    7  0.000  0.364     0.00     0.00     0.00     0.00     0.00 -1 -1.16e-07      0.00 6.897e-01 3.009e-01 9.729e-04 1.702e-03 3.559e-03 -1.000 9.434e-03 -5.105 1.453 -0.891 -2.790 -3.993 -5.154 -6.610 -7.532 -7.807
0.0092631 -0.21000 8.25527 4.0995311737 2.6082143784    4.086  3.989  3.5567  0.239    7  0.000  0.364     0.00     0.00     0.00     0.00     0.00 -1 -1.75e-07      0.00 6.790e-01 3.116e-01 9.583e-04 1.769e-03 3.504e-03 -1.000 9.414e-03 -5.203 1.475 -0.852 -2.751 -3.996 -5.227 -6.721 -7.653 -7.935
0.0092631 -0.21000 8.25527 4.0997242928 2.6082160473    4.082  4.029  3.5517  0.178    7  0.000  0.364     0.00     0.00     0.00     0.00     0.00 -1 -2.67e-07      0.00 6.678e-01 3.228e-01 9.435e-04 1.836e-03 3.449e-03 -1.000 9.414e-03 -5.304 1.501 -0.799 -2.696 -3.989 -5.298 -6.836 -7.779 -8.070
0.0092631 -0.21000 8.25527 4.0998859406 2.6082172394    4.077  4.066  3.5471  0.122    7  0.000  0.364     0.00     0.00     0.00     0.00     0.00 -1 -3.89e-07      0.00 6.614e-01 3.292e-01 9.349e-04 1.874e-03 3.417e-03 -1.000 9.414e-03 -5.396 1.523 -0.733 -2.621 -3.967 -5.354 -6.941 -7.893 -8.192
0.0092631 -0.21000 8.25527 4.1000471115 2.6082186699    4.068  4.105  3.5422  0.064    7  0.000  0.364     0.00     0.00     0.00     0.00     0.00 -1 -5.88e-07      0.00 6.574e-01 3.332e-01 9.295e-04 1.898e-03 3.398e-03 -1.000 9.414e-03 -5.492 1.550 -0.649 -2.524 -3.933 -5.408 -7.049 -8.012 -8.320
0.0092631 -0.21000 8.25527 4.1002001762 2.6082198620    4.057  4.142  3.5373  0.005    7  0.000  0.365     0.00     0.00     0.00     0.00     0.00 -1 -8.77e-07      0.01 6.552e-01 3.353e-01 9.267e-04 1.911e-03 3.387e-03 -1.000 9.444e-03 -5.585 1.586 -0.543 -2.401 -3.882 -5.448 -7.156 -8.129 -8.447
0.0092631 -0.21000 8.25527 4.1003427505 2.6082210541    4.040  4.177  3.5326 -0.050    7  0.000  0.365     0.00     0.00     0.00     0.00     0.00 -1 -1.27e-06      0.01 6.542e-01 3.364e-01 9.255e-04 1.917e-03 3.382e-03 -1.000 9.438e-03 -5.673 1.635 -0.413 -2.252 -3.814 -5.473 -7.256 -8.237 -8.567
0.0092631 -0.21000 8.25527 4.1004900932 2.6082222462    4.015  4.210  3.5280 -0.104    7  0.000  0.365     0.00     0.00     0.00     0.00     0.00 -1 -1.82e-06      0.02 6.537e-01 3.369e-01 9.248e-04 1.920e-03 3.380e-03 -1.000 9.441e-03 -5.754 1.713 -0.247 -2.070 -3.725 -5.474 -7.345 -8.336 -8.681
0.0092631 -0.21000 8.25527 4.1007213593 2.6082241535    3.961  4.210  3.5268 -0.115    7  0.000  0.365     0.00     0.00     0.00     0.00     0.00 -1 -1.93e-06      0.03 6.533e-01 3.373e-01 9.243e-04 1.922e-03 3.378e-03 -1.000 9.418e-03 -5.755 1.752 -0.180 -1.997 -3.678 -5.449 -7.349 -8.342 -8.690
0.0092631 -0.21000 8.25527 4.1007714272 2.6082246304    3.950  4.179  3.5306 -0.070    7  0.000  0.365     0.00     0.00     0.00     0.00     0.00 -1 -1.41e-06      0.01 6.533e-01 3.373e-01 9.243e-04 1.922e-03 3.377e-03 -1.000 9.414e-03 -5.678 1.686 -0.325 -2.155 -3.752 -5.450 -7.265 -8.251 -8.586
0.0092631 -0.21000 8.25527 4.1007862091 2.6082246304    3.948  4.149  3.5344 -0.025    7  0.000  0.365     0.00     0.00     0.00     0.00     0.00 -1 -1.03e-06      0.01 6.533e-01 3.373e-01 9.243e-04 1.922e-03 3.377e-03 -1.000 9.414e-03 -5.602 1.642 -0.432 -2.275 -3.804 -5.427 -7.181 -8.159 -8.483
0.0092631 -0.21000 8.25527 4.1007957458 2.6082246304    3.946  4.118  3.5381  0.021    7  0.000  0.365     0.00     0.00     0.00     0.00     0.00 -1 -7.51e-07      0.00 6.533e-01 3.373e-01 9.243e-04 1.922e-03 3.377e-03 -1.000 9.414e-03 -5.525 1.614 -0.524 -2.384 -3.849 -5.399 -7.094 -8.065 -8.380
0.0092631 -0.21000 8.25527 4.1008033752 2.6082248688    3.946  4.096  3.5407  0.053    7  0.000  0.365     0.00     0.00     0.00     0.00     0.00 -1 -6.01e-07      0.00 6.533e-01 3.373e-01 9.243e-04 1.922e-03 3.377e-03 -1.000 9.414e-03 -5.471 1.601 -0.576 -2.445 -3.872 -5.374 -7.033 -7.999 -8.310
0.0092631 -0.21000 8.25527 4.1008176804 2.6082248688    3.944  4.101  3.5401  0.045    7  0.000  0.365     0.00     0.00     0.00     0.00     0.00 -1 -6.28e-07      0.00 6.533e-01 3.373e-01 9.243e-04 1.922e-03 3.377e-03 -1.000 9.414e-03 -5.484 1.604 -0.566 -2.434 -3.869 -5.382 -7.047 -8.015 -8.326
0.0092631 -0.21000 8.25527 4.1008267403 2.6082248688    3.944  4.115  3.5385  0.025    7  0.000  0.365     0.00     0.00     0.00     0.00     0.00 -1 -7.24e-07      0.00 6.533e-01 3.373e-01 9.243e-04 1.922e-03 3.377e-03 -1.000 9.414e-03 -5.517 1.612 -0.531 -2.392 -3.852 -5.396 -7.085 -8.055 -8.370
0.0092631 -0.21000 8.25527 4.1008400917 2.6082251072    3.942  4.117  3.5381  0.021    7  0.000  0.365     0.00     0.00     0.00     0.00     0.00 -1 -7.43e-07      0.00 6.533e-01 3.373e-01 9.243e-04 1.922e-03 3.377e-03 -1.000 9.414e-03 -5.522 1.615 -0.523 -2.382 -3.847 -5.397 -7.092 -8.062 -8.378
0.0092631 -0.21000 8.25527 4.1008687019 2.6082253456    3.940  4.132  3.5362 -0.001    7  0.000  0.365     0.00     0.00     0.00     0.00     0.00 -1 -8.62e-07      0.01 6.533e-01 3.373e-01 9.243e-04 1.922e-03 3.377e-03 -1.000 9.414e-03 -5.559 1.631 -0.474 -2.325 -3.822 -5.409 -7.134 -8.108 -8.428
0.0092631 -0.21000 8.25527 4.1008853912 2.6082253456    3.938  4.156  3.5332 -0.038    7  0.000  0.365     0.00     0.00     0.00     0.00     0.00 -1 -1.12e-06      0.01 6.533e-01 3.373e-01 9.243e-04 1.922e-03 3.377e-03 -1.000 9.414e-03 -5.620 1.657 -0.395 -2.233 -3.783 -5.430 -7.202 -8.183 -8.509
0.0092631 -0.21000 8.25527 4.1009035110 2.6082255840    3.935  4.167  3.5318 -0.055    7  0.000  0.365     0.00     0.00     0.00     0.00     0.00 -1 -1.25e-06      0.01 6.533e-01 3.373e-01 9.243e-04 1.922e-03 3.377e-03 -1.000 9.414e-03 -5.647 1.674 -0.356 -2.189 -3.764 -5.438 -7.233 -8.216 -8.547
0.0092631 -0.21000 8.25527 4.1009039879 2.6082255840    3.935  4.153  3.5335 -0.034    7  0.000  0.365     0.00     0.00     0.00     0.00     0.00 -1 -1.09e-06      0.01 6.533e-01 3.373e-01 9.243e-04 1.922e-03 3.377e-03 -1.000 9.414e-03 -5.613 1.653 -0.405 -2.244 -3.788 -5.427 -7.195 -8.175 -8.500
0.0092631 -0.21000 8.25527 4.1009092331 2.6082255840    3.935  4.133  3.5361 -0.003    7  0.000  0.365     0.00     0.00     0.00     0.00     0.00 -1 -8.82e-07      0.01 6.533e-01 3.373e-01 9.243e-04 1.922e-03 3.377e-03 -1.000 9.414e-03 -5.562 1.633 -0.472 -2.322 -3.821 -5.410 -7.137 -8.111 -8.431
0.0092631 -0.21000 8.25527 4.1009144783 2.6082255840    3.934  4.152  3.5337 -0.032    7  0.000  0.365     0.00     0.00     0.00     0.00     0.00 -1 -1.07e-06      0.01 6.533e-01 3.373e-01 9.243e-04 1.922e-03 3.377e-03 -1.000 9.414e-03 -5.610 1.652 -0.410 -2.250 -3.790 -5.426 -7.191 -8.170 -8.495
0.0092631 -0.21000 8.25527 4.1009221077 2.6082258224    3.933  4.176  3.5306 -0.069    7  0.814  0.365     0.00     0.00     0.00     0.00     0.00 -1 -1.37e-06      0.01 6.533e-01 3.373e-01 9.243e-04 1.922e-03 3.377e-03 -1.000 9.414e-03 -5.670 1.690 -0.320 -2.149 -3.745 -5.443 -7.258 -8.243 -8.578
0.0092631 -0.21000 8.25527 4.1009478569 2.6082260609    3.928  4.209  3.5264 -0.119    7  0.813  0.365     0.00     0.00     0.00     0.00     0.00 -1 -1.94e-06      0.03 6.533e-01 3.373e-01 9.243e-04 1.922e-03 3.377e-03 -1.000 9.414e-03 -5.752 1.766 -0.154 -1.968 -3.659 -5.438 -7.347 -8.340 -8.690
0.0092631 -0.21000 8.25527 4.1009569168 2.6082260609    3.928  4.209  3.5264 -0.119    8  0.813  0.386   333.39   149.99    95.13    72.81    60.09  2 -1.95e-06      0.03 6.533e-01 3.374e-01 9.808e-04 1.923e-03 3.387e-03 -1.000 9.340e-03 -5.752 1.766 -0.155 -1.969 -3.659 -5.438 -7.347 -8.340 -8.690
0.0092631 -0.21000 8.25527 4.1009578705 2.6082260609    3.927  4.324  3.5121 -0.291    8  0.813  0.386   507.93   204.57   127.95    98.37    81.25  2  -6.4e-06      0.15 6.533e-01 3.374e-01 9.808e-04 1.923e-03 3.387e-03 -1.000 9.340e-03 -6.039 2.442 0.777 -1.021 -3.165 -5.234 -7.599 -8.646 -9.080
