# File generated by CMD 3.3 (http://stev.oapd.inaf.it/cmd) on Wed Dec 11 01:17:07 CET 2019
# isochrones based on PARSEC release v1.2S
# Basic references: Bressan et al. (2012), MNRAS, 427, 127 + Chen et al. (2014, 2015), MNRAS, 444, 2525 + MNRAS, 452, 1068 + Tang et al. (2014), MNRAS, 445, 4287
# On RGB, assumed Reimers mass loss with efficiency eta=0.2
# Photometric system: <i>UBVRIJHK</i> (cf. Maiz-Apellaniz 2006 + Bessell 1990)
# Attention: photometry includes extinction of Av=0.45, with coefficients derived star-by-star, for Cardelli et al 89 + O'Donnell 94 Rv=3.1 extinction curve.
# Using YBC version of bolometric corrections as in Chen et al. (2019)
# O-rich circumstellar dpmod60alox40 dust from Groenewegen (2006)
# C-rich circumstellar AMCSIC15 dust from Groenewegen (2006)
# IMF: Kroupa (2001, 2002) + Kroupa et al. (2013) canonical two-part-power law IMF corrected for unresolved binaries 
# Kind of output: isochrone tables
# Zini     MH   logAge Mini        int_IMF         Mass   logL    logTe  logg  label 	 mbolmag  Umag    Bmag    Vmag    Rmag    Imag    Jmag    Hmag    Kmag
0.017873 0.09000 9.39794 0.0900000036 1.0816895962    0.090 -3.432  3.3575  5.206    0 13.350 23.147 20.495 18.580 16.338 14.052 11.401 10.747 10.418
0.017873 0.09000 9.39794 0.0955582857 1.1328942776    0.096 -3.332  3.3714  5.188    0 13.100 22.862 20.230 18.320 16.084 13.802 11.151 10.498 10.167
0.017873 0.09000 9.39794 0.1000000015 1.1711064577    0.100 -3.256  3.3819  5.174    0 12.910 22.645 20.029 18.123 15.892 13.612 10.962 10.309 9.976
0.017873 0.09000 9.39794 0.1200000048 1.3193155527    0.120 -3.000  3.4146  5.128    1 12.271 21.919 19.353 17.461 15.246 12.973 10.324 9.673 9.335
0.017873 0.09000 9.39794 0.1300523877 1.3821759224    0.130 -2.903  3.4259  5.110    0 12.027 21.167 18.768 16.909 14.806 12.607 10.100 9.449 9.110
0.017873 0.09000 9.39794 0.1400000006 1.4384527206    0.140 -2.813  3.4362  5.094    0 11.803 20.388 18.158 16.343 14.362 12.246 9.900 9.248 8.910
0.017873 0.09000 9.39794 0.1599999964 1.5372931957    0.160 -2.671  3.4501  5.066    1 11.448 19.356 17.321 15.564 13.733 11.725 9.577 8.923 8.590
0.017873 0.09000 9.39794 0.2000000030 1.6938791275    0.200 -2.456  3.4689  5.023    1 10.911 18.001 16.193 14.491 12.849 11.001 9.084 8.428 8.103
0.017873 0.09000 9.39794 0.2500000000 1.8403258324    0.250 -2.253  3.4854  4.982    0 10.402 16.889 15.232 13.568 12.067 10.360 8.615 7.956 7.643
0.017873 0.09000 9.39794 0.3000000119 1.9529139996    0.300 -2.093  3.4970  4.948    1 10.003 16.128 14.554 12.917 11.500 9.888 8.244 7.582 7.279
0.017873 0.09000 9.39794 0.3423470259 2.0306932926    0.342 -1.956  3.5045  4.899    0 9.660 15.567 14.047 12.434 11.066 9.506 7.918 7.252 6.956
0.017873 0.09000 9.39794 0.3500000238 2.0434176922    0.350 -1.935  3.5060  4.893    0 9.608 15.476 13.964 12.356 10.997 9.447 7.870 7.202 6.908
0.017873 0.09000 9.39794 0.3589147627 2.0577912331    0.359 -1.907  3.5080  4.885    0 9.539 15.353 13.852 12.250 10.903 9.367 7.805 7.136 6.844
0.017873 0.09000 9.39794 0.3682574332 2.0723652840    0.368 -1.880  3.5102  4.877    0 9.469 15.229 13.739 12.142 10.809 9.287 7.740 7.071 6.780
0.017873 0.09000 9.39794 0.4000000358 2.1185026169    0.400 -1.793  3.5173  4.854    0 9.252 14.852 13.388 11.806 10.510 9.038 7.540 6.865 6.581
0.017873 0.09000 9.39794 0.4499999881 2.1822810173    0.450 -1.645  3.5293  4.805    1 8.883 14.243 12.812 11.258 10.022 8.624 7.201 6.516 6.242
0.017873 0.09000 9.39794 0.5000000000 2.2374541759    0.500 -1.494  3.5432  4.756    1 8.505 13.645 12.224 10.697 9.520 8.203 6.858 6.160 5.897
0.017873 0.09000 9.39794 0.5026826262 2.2402026653    0.503 -1.485  3.5442  4.753    1 8.483 13.609 12.188 10.662 9.489 8.178 6.838 6.139 5.877
0.017873 0.09000 9.39794 0.5500000119 2.2836582661    0.550 -1.334  3.5611  4.709    1 8.105 13.019 11.581 10.072 8.959 7.757 6.506 5.793 5.546
0.017873 0.09000 9.39794 0.6000000238 2.3211214542    0.600 -1.173  3.5835  4.675    1 7.702 12.380 10.899 9.405 8.358 7.311 6.165 5.434 5.213
0.017873 0.09000 9.39794 0.6499999762 2.3520355225    0.650 -1.010  3.6104  4.655    1 7.296 11.719 10.180 8.736 7.756 6.873 5.824 5.084 4.904
0.017873 0.09000 9.39794 0.6694127321 2.3626165390    0.669 -0.948  3.6216  4.650    1 7.141 11.441 9.890 8.478 7.527 6.707 5.695 4.962 4.798
0.017873 0.09000 9.39794 0.7000000477 2.3779268265    0.700 -0.854  3.6388  4.644    1 6.904 10.966 9.434 8.088 7.185 6.461 5.503 4.784 4.645
0.017873 0.09000 9.39794 0.7389213443 2.3953170776    0.739 -0.734  3.6624  4.643    1 6.606 10.175 8.822 7.586 6.767 6.147 5.272 4.614 4.495
0.017873 0.09000 9.39794 0.7500000000 2.3998889923    0.750 -0.701  3.6689  4.642    1 6.523 9.947 8.658 7.454 6.660 6.060 5.209 4.571 4.456
0.017873 0.09000 9.39794 0.7992638946 2.4184668064    0.799 -0.569  3.6891  4.617    1 6.191 9.169 8.092 6.984 6.269 5.720 4.940 4.368 4.263
0.017873 0.09000 9.39794 0.8412859440 2.4323523045    0.841 -0.459  3.7056  4.596    1 5.917 8.558 7.656 6.618 5.963 5.448 4.723 4.201 4.103
0.017873 0.09000 9.39794 0.8485277891 2.4345860481    0.848 -0.441  3.7084  4.593    1 5.871 8.458 7.584 6.558 5.912 5.402 4.687 4.172 4.076
0.017873 0.09000 9.39794 0.8584411740 2.4375736713    0.858 -0.415  3.7120  4.587    1 5.808 8.326 7.489 6.478 5.844 5.341 4.637 4.133 4.038
0.017873 0.09000 9.39794 0.8977917433 2.4486880302    0.897 -0.318  3.7261  4.565    1 5.564 7.828 7.131 6.175 5.583 5.104 4.445 3.978 3.889
0.017873 0.09000 9.39794 0.9130152464 2.4526934624    0.912 -0.280  3.7311  4.555    1 5.471 7.648 7.000 6.062 5.485 5.014 4.371 3.918 3.830
0.017873 0.09000 9.39794 0.9470555782 2.4611163139    0.947 -0.198  3.7421  4.533    1 5.266 7.259 6.714 5.820 5.274 4.822 4.212 3.786 3.703
0.017873 0.09000 9.39794 0.9769814610 2.4679663181    0.977 -0.127  3.7509  4.511    1 5.089 6.926 6.474 5.617 5.098 4.659 4.074 3.668 3.590
0.017873 0.09000 9.39794 0.9963194728 2.4721417427    0.996 -0.082  3.7564  4.496    1 4.975 6.726 6.326 5.491 4.986 4.555 3.985 3.592 3.516
0.017873 0.09000 9.39794 1.0065275431 2.4742717743    1.006 -0.058  3.7591  4.488    1 4.916 6.624 6.249 5.425 4.927 4.501 3.938 3.551 3.477
0.017873 0.09000 9.39794 1.0331630707 2.4796020985    1.033  0.003  3.7660  4.465    1 4.762 6.371 6.052 5.257 4.777 4.361 3.817 3.444 3.374
0.017873 0.09000 9.39794 1.0455833673 2.4819812775    1.045  0.032  3.7691  4.454    1 4.691 6.257 5.961 5.180 4.708 4.297 3.761 3.395 3.326
0.017873 0.09000 9.39794 1.0587781668 2.4844384193    1.058  0.062  3.7722  4.442    1 4.616 6.140 5.867 5.099 4.635 4.229 3.701 3.342 3.274
0.017873 0.09000 9.39794 1.0837633610 2.4889035225    1.083  0.118  3.7779  4.418    1 4.475 5.924 5.690 4.948 4.498 4.102 3.589 3.242 3.177
0.017873 0.09000 9.39794 1.0948473215 2.4908092022    1.094  0.143  3.7803  4.407    1 4.412 5.831 5.614 4.882 4.438 4.046 3.539 3.197 3.133
0.017873 0.09000 9.39794 1.1112701893 2.4935529232    1.110  0.179  3.7837  4.391    1 4.321 5.703 5.504 4.786 4.351 3.964 3.465 3.130 3.068
0.017873 0.09000 9.39794 1.1343898773 2.4972610474    1.134  0.230  3.7882  4.367    1 4.194 5.527 5.351 4.653 4.229 3.849 3.361 3.035 2.975
0.017873 0.09000 9.39794 1.1441111565 2.4987688065    1.143  0.252  3.7901  4.357    1 4.141 5.454 5.288 4.598 4.177 3.800 3.317 2.995 2.935
0.017873 0.09000 9.39794 1.1588149071 2.5009942055    1.158  0.283  3.7928  4.341    1 4.061 5.349 5.194 4.515 4.101 3.728 3.252 2.935 2.876
0.017873 0.09000 9.39794 1.1813272238 2.5042781830    1.181  0.331  3.7966  4.317    1 3.942 5.193 5.053 4.391 3.986 3.620 3.152 2.843 2.786
0.017873 0.09000 9.39794 1.1933751106 2.5059773922    1.193  0.356  3.7985  4.304    1 3.879 5.113 4.980 4.327 3.926 3.562 3.099 2.794 2.737
0.017873 0.09000 9.39794 1.2147519588 2.5088970661    1.214  0.399  3.8013  4.280    1 3.772 4.982 4.859 4.217 3.823 3.464 3.007 2.708 2.652
0.017873 0.09000 9.39794 1.2426390648 2.5125327110    1.242  0.453  3.8041  4.248    1 3.639 4.826 4.710 4.081 3.693 3.339 2.889 2.596 2.541
0.017873 0.09000 9.39794 1.2907314301 2.5183801651    1.291  0.537  3.8071  4.192    1 3.427 4.592 4.481 3.866 3.485 3.136 2.693 2.406 2.352
0.017873 0.09000 9.39794 1.2919027805 2.5185163021    1.292  0.539  3.8072  4.191    1 3.422 4.587 4.476 3.861 3.480 3.131 2.688 2.402 2.348
0.017873 0.09000 9.39794 1.2948008776 2.5188519955    1.295  0.544  3.8073  4.187    1 3.410 4.574 4.463 3.848 3.468 3.119 2.676 2.390 2.336
0.017873 0.09000 9.39794 1.3350946903 2.5233466625    1.335  0.612  3.8074  4.133    1 3.241 4.406 4.291 3.678 3.299 2.951 2.508 2.223 2.168
0.017873 0.09000 9.39794 1.3411667347 2.5239973068    1.341  0.622  3.8073  4.125    1 3.216 4.382 4.266 3.653 3.274 2.925 2.483 2.197 2.143
0.017873 0.09000 9.39794 1.3414438963 2.5240268707    1.341  0.622  3.8073  4.125    1 3.214 4.380 4.265 3.652 3.273 2.924 2.481 2.196 2.142
0.017873 0.09000 9.39794 1.3879441023 2.5287895203    1.388  0.700  3.8062  4.057    1 3.019 4.196 4.072 3.456 3.075 2.725 2.280 1.993 1.938
0.017873 0.09000 9.39794 1.3904305696 2.5290338993    1.390  0.705  3.8061  4.053    1 3.009 4.187 4.062 3.446 3.065 2.715 2.269 1.982 1.927
0.017873 0.09000 9.39794 1.4215986729 2.5320141315    1.422  0.757  3.8050  4.006    1 2.877 4.065 3.934 3.314 2.931 2.580 2.132 1.843 1.787
0.017873 0.09000 9.39794 1.4396945238 2.5336763859    1.440  0.787  3.8040  3.977    1 2.802 4.000 3.863 3.240 2.855 2.502 2.051 1.761 1.705
0.017873 0.09000 9.39794 1.4526562691 2.5348377228    1.453  0.809  3.8028  3.955    1 2.748 3.955 3.814 3.186 2.799 2.445 1.991 1.699 1.642
0.017873 0.09000 9.39794 1.4858564138 2.5377066135    1.486  0.863  3.7988  3.894    1 2.613 3.855 3.697 3.053 2.658 2.298 1.834 1.535 1.476
0.017873 0.09000 9.39794 1.4889584780 2.5379672050    1.489  0.868  3.7983  3.888    1 2.600 3.847 3.687 3.041 2.645 2.284 1.820 1.519 1.460
0.017873 0.09000 9.39794 1.4962378740 2.5385737419    1.496  0.879  3.7968  3.874    1 2.574 3.834 3.668 3.016 2.617 2.253 1.785 1.482 1.422
0.017873 0.09000 9.39794 1.5149750710 2.5401041508    1.515  0.905  3.7925  3.835    1 2.508 3.809 3.625 2.955 2.546 2.176 1.697 1.385 1.324
0.017873 0.09000 9.39794 1.5328402519 2.5415234566    1.533  0.929  3.7877  3.797    1 2.447 3.793 3.589 2.899 2.480 2.102 1.612 1.290 1.227
0.017873 0.09000 9.39794 1.5382223129 2.5419435501    1.538  0.937  3.7863  3.785    1 2.427 3.787 3.576 2.881 2.458 2.078 1.584 1.260 1.196
0.017873 0.09000 9.39794 1.5489099026 2.5427680016    1.549  0.953  3.7832  3.760    1 2.387 3.778 3.553 2.845 2.416 2.031 1.529 1.198 1.133
0.017873 0.09000 9.39794 1.5565330982 2.5433478355    1.556  0.970  3.7820  3.740    1 2.346 3.749 3.519 2.805 2.374 1.987 1.482 1.149 1.083
0.017873 0.09000 9.39794 1.5596454144 2.5435829163    1.559  0.990  3.7841  3.730    1 2.296 3.679 3.457 2.752 2.325 1.942 1.442 1.114 1.049
0.017873 0.09000 9.39794 1.5637203455 2.5438888073    1.563  1.030  3.7895  3.712    1 2.194 3.525 3.323 2.642 2.228 1.854 1.368 1.051 0.988
0.017873 0.09000 9.39794 1.5646768808 2.5439603329    1.564  1.063  3.7948  3.700    1 2.112 3.397 3.210 2.553 2.151 1.786 1.313 1.008 0.947
0.017873 0.09000 9.39794 1.5650554895 2.5439887047    1.565  1.098  3.8001  3.687    1 2.025 3.264 3.093 2.459 2.070 1.713 1.253 0.959 0.900
0.017873 0.09000 9.39794 1.5652475357 2.5440030098    1.565  1.129  3.8045  3.674    1 1.948 3.155 2.992 2.378 1.998 1.649 1.200 0.915 0.857
0.017873 0.09000 9.39794 1.5653136969 2.5440080166    1.565  1.141  3.8062  3.669    1 1.919 3.113 2.954 2.346 1.970 1.625 1.179 0.897 0.840
0.017873 0.09000 9.39794 1.5653949976 2.5440139771    1.565  1.107  3.8026  3.688    2 2.002 3.223 3.057 2.434 2.050 1.698 1.243 0.954 0.896
0.017873 0.09000 9.39794 1.5654798746 2.5440204144    1.565  1.086  3.7969  3.686    2 2.056 3.323 3.142 2.494 2.097 1.735 1.267 0.966 0.906
0.017873 0.09000 9.39794 1.5656497478 2.5440330505    1.565  1.085  3.7875  3.650    2 2.059 3.411 3.197 2.509 2.091 1.713 1.222 0.902 0.838
0.017873 0.09000 9.39794 1.5659672022 2.5440568924    1.566  1.088  3.7771  3.605    2 2.050 3.508 3.249 2.515 2.074 1.679 1.162 0.818 0.751
0.017873 0.09000 9.39794 1.5665198565 2.5440979004    1.566  1.075  3.7663  3.575    2 2.082 3.663 3.349 2.569 2.102 1.689 1.142 0.774 0.702
0.017873 0.09000 9.39794 1.5671721697 2.5441465378    1.567  1.051  3.7568  3.561    2 2.142 3.839 3.470 2.650 2.161 1.732 1.158 0.768 0.692
0.017873 0.09000 9.39794 1.5677293539 2.5441880226    1.567  1.026  3.7493  3.557    2 2.206 4.000 3.583 2.733 2.225 1.784 1.189 0.780 0.702
0.017873 0.09000 9.39794 1.5682846308 2.5442295074    1.568  0.997  3.7417  3.556    2 2.279 4.181 3.706 2.827 2.301 1.847 1.230 0.801 0.720
0.017873 0.09000 9.39794 1.5688382387 2.5442705154    1.569  0.967  3.7340  3.554    2 2.352 4.364 3.833 2.924 2.380 1.913 1.272 0.823 0.740
0.017873 0.09000 9.39794 1.5694818497 2.5443184376    1.569  0.941  3.7251  3.545    2 2.417 4.562 3.963 3.019 2.453 1.972 1.303 0.831 0.744
0.017873 0.09000 9.39794 1.5703059435 2.5443794727    1.570  0.939  3.7148  3.506    2 2.422 4.730 4.045 3.063 2.472 1.973 1.270 0.769 0.678
0.017873 0.09000 9.39794 1.5710350275 2.5444335938    1.571  0.968  3.7075  3.448    2 2.349 4.782 4.032 3.020 2.410 1.898 1.170 0.648 0.554
0.017873 0.09000 9.39794 1.5715856552 2.5444743633    1.571  1.011  3.7034  3.388    3 2.242 4.748 3.960 2.930 2.309 1.790 1.048 0.515 0.419
0.017873 0.09000 9.39794 1.5720436573 2.5445082188    1.572  1.051  3.7003  3.337    3 2.142 4.702 3.887 2.843 2.215 1.690 0.937 0.396 0.299
0.017873 0.09000 9.39794 1.5725005865 2.5445420742    1.572  1.095  3.6977  3.282    3 2.033 4.643 3.803 2.747 2.111 1.581 0.819 0.270 0.172
0.017873 0.09000 9.39794 1.5729566813 2.5445756912    1.573  1.140  3.6952  3.227    3 1.919 4.577 3.712 2.644 2.002 1.467 0.696 0.140 0.041
0.017873 0.09000 9.39794 1.5734119415 2.5446093082    1.573  1.187  3.6927  3.170    3 1.802 4.507 3.618 2.539 1.890 1.350 0.570 0.007 -0.093
0.017873 0.09000 9.39794 1.5738662481 2.5446426868    1.574  1.235  3.6903  3.113    3 1.683 4.434 3.522 2.431 1.776 1.232 0.443 -0.127 -0.228
0.017873 0.09000 9.39794 1.5744100809 2.5446829796    1.574  1.292  3.6873  3.044    3 1.540 4.350 3.410 2.304 1.641 1.090 0.291 -0.288 -0.391
0.017873 0.09000 9.39794 1.5749528408 2.5447227955    1.575  1.348  3.6844  2.976    3 1.400 4.267 3.298 2.179 1.508 0.951 0.140 -0.447 -0.551
0.017873 0.09000 9.39794 1.5754066706 2.5447561741    1.575  1.395  3.6819  2.920    3 1.283 4.199 3.206 2.075 1.397 0.836 0.016 -0.578 -0.684
0.017873 0.09000 9.39794 1.5759016275 2.5447926521    1.576  1.446  3.6792  2.858    3 1.155 4.127 3.106 1.963 1.277 0.710 -0.120 -0.722 -0.830
0.017873 0.09000 9.39794 1.5763220787 2.5448236465    1.576  1.490  3.6767  2.804    3 1.045 4.068 3.021 1.867 1.174 0.601 -0.238 -0.848 -0.957
0.017873 0.09000 9.39794 1.5766892433 2.5448505878    1.576  1.529  3.6745  2.756    3 0.947 4.017 2.947 1.782 1.083 0.505 -0.343 -0.959 -1.070
0.017873 0.09000 9.39794 1.5771003962 2.5448808670    1.577  1.574  3.6719  2.701    3 0.835 3.960 2.862 1.685 0.979 0.396 -0.462 -1.086 -1.199
0.017873 0.09000 9.39794 1.5774646997 2.5449075699    1.577  1.614  3.6694  2.652    3 0.735 3.911 2.787 1.599 0.886 0.297 -0.570 -1.201 -1.315
0.017873 0.09000 9.39794 1.5778585672 2.5449364185    1.577  1.659  3.6667  2.596    3 0.623 3.859 2.706 1.505 0.783 0.188 -0.689 -1.329 -1.445
0.017873 0.09000 9.39794 1.5782315731 2.5449638367    1.578  1.702  3.6640  2.542    3 0.514 3.809 2.627 1.413 0.683 0.082 -0.806 -1.454 -1.572
0.017873 0.09000 9.39794 1.5785930157 2.5449903011    1.578  1.745  3.6613  2.488    3 0.407 3.765 2.550 1.323 0.585 -0.022 -0.921 -1.577 -1.697
0.017873 0.09000 9.39794 1.5789332390 2.5450150967    1.579  1.784  3.6588  2.440    3 0.311 3.739 2.487 1.244 0.497 -0.116 -1.025 -1.688 -1.809
0.017873 0.09000 9.39794 1.5793192387 2.5450434685    1.579  1.820  3.6565  2.394    3 0.220 3.716 2.429 1.170 0.414 -0.205 -1.123 -1.793 -1.916
0.017873 0.09000 9.39794 1.5798548460 2.5450825691    1.579  1.856  3.6542  2.350    3 0.131 3.694 2.371 1.098 0.333 -0.292 -1.218 -1.894 -2.019
0.017873 0.09000 9.39794 1.5801064968 2.5451009274    1.580  1.838  3.6555  2.373    3 0.176 3.702 2.399 1.133 0.373 -0.248 -1.170 -1.842 -1.966
0.017873 0.09000 9.39794 1.5803723335 2.5451204777    1.580  1.808  3.6575  2.411    3 0.250 3.717 2.445 1.192 0.440 -0.176 -1.089 -1.756 -1.878
0.017873 0.09000 9.39794 1.5805479288 2.5451331139    1.580  1.770  3.6601  2.459    3 0.344 3.736 2.503 1.268 0.526 -0.084 -0.988 -1.647 -1.767
0.017873 0.09000 9.39794 1.5806972980 2.5451440811    1.580  1.730  3.6628  2.510    3 0.446 3.766 2.571 1.352 0.619 0.015 -0.878 -1.529 -1.648
0.017873 0.09000 9.39794 1.5808606148 2.5451560020    1.580  1.682  3.6660  2.570    3 0.564 3.815 2.655 1.450 0.727 0.130 -0.750 -1.392 -1.509
0.017873 0.09000 9.39794 1.5809940100 2.5451657772    1.581  1.644  3.6685  2.618    3 0.659 3.856 2.722 1.529 0.813 0.222 -0.649 -1.283 -1.398
0.017873 0.09000 9.39794 1.5811619759 2.5451779366    1.581  1.602  3.6712  2.672    3 0.766 3.903 2.799 1.619 0.911 0.326 -0.534 -1.160 -1.272
0.017873 0.09000 9.39794 1.5813165903 2.5451893806    1.581  1.571  3.6732  2.710    3 0.841 3.937 2.854 1.683 0.981 0.401 -0.452 -1.072 -1.184
0.017873 0.09000 9.39794 1.5814833641 2.5452015400    1.581  1.591  3.6720  2.686    3 0.793 3.913 2.818 1.641 0.936 0.353 -0.505 -1.128 -1.240
0.017873 0.09000 9.39794 1.5818752050 2.5452301502    1.581  1.635  3.6693  2.631    3 0.683 3.861 2.737 1.548 0.834 0.246 -0.622 -1.254 -1.368
0.017873 0.09000 9.39794 1.5823642015 2.5452656746    1.582  1.680  3.6665  2.576    3 0.571 3.810 2.655 1.453 0.731 0.136 -0.742 -1.383 -1.499
0.017873 0.09000 9.39794 1.5828522444 2.5453011990    1.582  1.723  3.6638  2.522    3 0.463 3.761 2.577 1.363 0.633 0.031 -0.858 -1.506 -1.624
0.017873 0.09000 9.39794 1.5833723545 2.5453391075    1.583  1.769  3.6609  2.464    3 0.348 3.721 2.498 1.267 0.527 -0.081 -0.981 -1.638 -1.758
0.017873 0.09000 9.39794 1.5838524103 2.5453739166    1.583  1.812  3.6581  2.410    3 0.241 3.694 2.429 1.179 0.429 -0.186 -1.097 -1.762 -1.884
0.017873 0.09000 9.39794 1.5843290091 2.5454087257    1.584  1.855  3.6553  2.355    3 0.131 3.667 2.358 1.090 0.329 -0.293 -1.215 -1.888 -2.012
0.017873 0.09000 9.39794 1.5847786665 2.5454413891    1.584  1.898  3.6525  2.302    3 0.025 3.643 2.291 1.004 0.233 -0.396 -1.329 -2.011 -2.136
0.017873 0.09000 9.39794 1.5852152109 2.5454728603    1.585  1.941  3.6496  2.247    3 -0.082 3.620 2.224 0.918 0.136 -0.500 -1.445 -2.135 -2.262
0.017873 0.09000 9.39794 1.5856368542 2.5455036163    1.585  1.985  3.6466  2.192    3 -0.191 3.601 2.158 0.832 0.039 -0.606 -1.562 -2.260 -2.391
0.017873 0.09000 9.39794 1.5860214233 2.5455315113    1.586  2.026  3.6437  2.139    3 -0.296 3.585 2.096 0.751 -0.053 -0.706 -1.675 -2.382 -2.514
0.017873 0.09000 9.39794 1.5863864422 2.5455579758    1.586  2.069  3.6408  2.085    3 -0.401 3.569 2.033 0.669 -0.147 -0.808 -1.788 -2.503 -2.638
0.017873 0.09000 9.39794 1.5867314339 2.5455827713    1.586  2.111  3.6378  2.031    3 -0.507 3.558 1.974 0.590 -0.238 -0.908 -1.901 -2.625 -2.763
0.017873 0.09000 9.39794 1.5870541334 2.5456061363    1.587  2.152  3.6349  1.978    3 -0.611 3.535 1.915 0.510 -0.327 -1.008 -2.013 -2.744 -2.884
0.017873 0.09000 9.39794 1.5873558521 2.5456280708    1.587  2.194  3.6319  1.924    3 -0.715 3.497 1.856 0.429 -0.416 -1.105 -2.122 -2.857 -3.003
0.017873 0.09000 9.39794 1.5874862671 2.5456373692    1.587  2.213  3.6305  1.900    3 -0.763 3.480 1.829 0.392 -0.457 -1.149 -2.173 -2.909 -3.057
0.017873 0.09000 9.39794 1.5876359940 2.5456483364    1.587  2.235  3.6290  1.872    3 -0.816 3.459 1.799 0.350 -0.502 -1.199 -2.229 -2.968 -3.119
0.017873 0.09000 9.39794 1.5879038572 2.5456676483    1.588  2.275  3.6260  1.819    3 -0.919 3.417 1.741 0.273 -0.586 -1.293 -2.337 -3.080 -3.236
0.017873 0.09000 9.39794 1.5881522894 2.5456855297    1.588  2.316  3.6230  1.767    3 -1.020 3.376 1.685 0.196 -0.670 -1.387 -2.444 -3.191 -3.353
0.017873 0.09000 9.39794 1.5883862972 2.5457024574    1.588  2.357  3.6200  1.714    3 -1.122 3.331 1.625 0.118 -0.754 -1.480 -2.551 -3.302 -3.469
0.017873 0.09000 9.39794 1.5886008739 2.5457179546    1.588  2.396  3.6170  1.662    3 -1.221 3.286 1.570 0.047 -0.833 -1.570 -2.655 -3.411 -3.585
0.017873 0.09000 9.39794 1.5888049603 2.5457327366    1.588  2.437  3.6139  1.610    3 -1.322 3.240 1.513 -0.027 -0.913 -1.661 -2.761 -3.521 -3.701
0.017873 0.09000 9.39794 1.5889904499 2.5457460880    1.589  2.476  3.6110  1.559    3 -1.419 3.195 1.457 -0.098 -0.991 -1.749 -2.863 -3.627 -3.814
0.017873 0.09000 9.39794 1.5891674757 2.5457589626    1.589  2.515  3.6078  1.507    3 -1.518 3.148 1.404 -0.166 -1.067 -1.837 -2.966 -3.736 -3.930
0.017873 0.09000 9.39794 1.5893340111 2.5457708836    1.589  2.555  3.6047  1.455    3 -1.617 3.139 1.358 -0.227 -1.141 -1.927 -3.073 -3.851 -4.050
0.017873 0.09000 9.39794 1.5894829035 2.5457816124    1.589  2.593  3.6017  1.405    3 -1.711 3.140 1.317 -0.285 -1.212 -2.014 -3.174 -3.960 -4.164
0.017873 0.09000 9.39794 1.5896269083 2.5457921028    1.589  2.631  3.5985  1.354    3 -1.808 3.139 1.277 -0.340 -1.281 -2.102 -3.279 -4.073 -4.282
0.017873 0.09000 9.39794 1.5897595882 2.5458016396    1.589  2.669  3.5954  1.303    3 -1.904 3.134 1.239 -0.390 -1.346 -2.189 -3.382 -4.184 -4.397
0.017873 0.09000 9.39794 1.5898822546 2.5458104610    1.589  2.707  3.5923  1.254    3 -1.997 3.133 1.205 -0.438 -1.408 -2.273 -3.483 -4.293 -4.511
0.017873 0.09000 9.39794 1.5899999142 2.5458188057    1.590  2.745  3.5890  1.203    3 -2.091 3.132 1.172 -0.484 -1.469 -2.358 -3.585 -4.404 -4.627
0.017873 0.09000 9.39794 1.5901085138 2.5458266735    1.590  2.782  3.5859  1.153    3 -2.184 3.126 1.143 -0.522 -1.523 -2.441 -3.686 -4.513 -4.740
0.017873 0.09000 9.39794 1.5902088881 2.5458338261    1.590  2.818  3.5827  1.104    3 -2.275 3.123 1.117 -0.559 -1.576 -2.521 -3.785 -4.620 -4.852
0.017873 0.09000 9.39794 1.5903036594 2.5458407402    1.590  2.854  3.5794  1.055    3 -2.365 3.121 1.094 -0.591 -1.625 -2.601 -3.883 -4.726 -4.964
0.017873 0.09000 9.39794 1.5903936625 2.5458471775    1.590  2.890  3.5761  1.005    3 -2.456 3.115 1.079 -0.609 -1.664 -2.678 -3.983 -4.833 -5.076
0.017873 0.09000 9.39794 1.5904928446 2.5458543301    1.590  2.933  3.5721  0.947    3 -2.562 3.114 1.068 -0.626 -1.706 -2.768 -4.100 -4.960 -5.209
0.017873 0.09000 9.39794 1.5905870199 2.5458612442    1.590  2.975  3.5680  0.888    3 -2.669 3.112 1.066 -0.631 -1.740 -2.856 -4.219 -5.087 -5.343
0.017873 0.09000 9.39794 1.5906749964 2.5458674431    1.590  3.018  3.5637  0.828    3 -2.775 3.110 1.074 -0.619 -1.762 -2.940 -4.339 -5.215 -5.477
0.017873 0.09000 9.39794 1.5907565355 2.5458734035    1.590  3.060  3.5596  0.770    3 -2.880 3.106 1.083 -0.607 -1.784 -3.022 -4.456 -5.341 -5.609
0.017873 0.09000 9.39794 1.5908324718 2.5458788872    1.590  3.101  3.5554  0.712    3 -2.983 3.102 1.114 -0.566 -1.786 -3.095 -4.573 -5.465 -5.741
0.017873 0.09000 9.39794 1.5909030437 2.5458838940    1.591  3.142  3.5512  0.654    3 -3.085 3.098 1.145 -0.524 -1.788 -3.167 -4.687 -5.588 -5.871
0.017873 0.09000 9.39794 1.5909676552 2.5458886623    1.591  3.181  3.5469  0.598    3 -3.183 3.095 1.196 -0.457 -1.774 -3.225 -4.800 -5.707 -5.997
0.017873 0.09000 9.39794 1.5910298824 2.5458929539    1.591  3.221  3.5426  0.541    3 -3.283 3.093 1.257 -0.377 -1.752 -3.279 -4.913 -5.828 -6.126
0.017873 0.09000 9.39794 1.5910874605 2.5458972454    1.591  3.260  3.5383  0.485    3 -3.380 3.092 1.329 -0.284 -1.721 -3.324 -5.024 -5.945 -6.251
0.017873 0.09000 9.39794 1.5911425352 2.5459010601    1.591  3.298  3.5340  0.430    3 -3.475 3.092 1.423 -0.166 -1.677 -3.355 -5.134 -6.061 -6.375
0.017873 0.09000 9.39794 1.5911886692 2.5459043980    1.591  3.329  3.5304  0.385    3 -3.551 3.094 1.503 -0.066 -1.638 -3.380 -5.224 -6.155 -6.475
0.017873 0.09000 9.39794 1.5911886692 2.5459043980    1.591  1.722  3.6765  2.576    4 0.466 3.485 2.443 1.284 0.597 0.023 -0.819 -1.427 -1.537
0.017873 0.09000 9.39794 1.5918589830 2.5459525585    1.591  1.738  3.6751  2.554    4 0.424 3.471 2.416 1.250 0.559 -0.017 -0.864 -1.477 -1.587
0.017873 0.09000 9.39794 1.5925786495 2.5460042953    1.592  1.744  3.6748  2.547    4 0.410 3.464 2.405 1.238 0.546 -0.031 -0.880 -1.493 -1.604
0.017873 0.09000 9.39794 1.5933041573 2.5460562706    1.593  1.744  3.6751  2.549    4 0.411 3.459 2.403 1.238 0.546 -0.030 -0.877 -1.490 -1.601
0.017873 0.09000 9.39794 1.5939705372 2.5461041927    1.594  1.742  3.6754  2.552    4 0.414 3.455 2.403 1.238 0.548 -0.028 -0.874 -1.485 -1.596
0.017873 0.09000 9.39794 1.5947029591 2.5461566448    1.594  1.741  3.6757  2.554    4 0.417 3.451 2.402 1.239 0.550 -0.025 -0.870 -1.480 -1.591
0.017873 0.09000 9.39794 1.5954443216 2.5462095737    1.595  1.740  3.6760  2.556    4 0.419 3.446 2.401 1.239 0.551 -0.023 -0.867 -1.476 -1.587
0.017873 0.09000 9.39794 1.5961838961 2.5462625027    1.596  1.740  3.6763  2.559    4 0.421 3.442 2.400 1.240 0.552 -0.022 -0.864 -1.472 -1.583
0.017873 0.09000 9.39794 1.5969127417 2.5463144779    1.597  1.739  3.6766  2.561    4 0.422 3.437 2.398 1.239 0.553 -0.020 -0.862 -1.469 -1.579
0.017873 0.09000 9.39794 1.5976562500 2.5463674068    1.597  1.739  3.6769  2.562    4 0.424 3.433 2.397 1.239 0.553 -0.019 -0.860 -1.466 -1.576
0.017873 0.09000 9.39794 1.5983997583 2.5464203358    1.598  1.739  3.6771  2.563    4 0.423 3.428 2.394 1.237 0.552 -0.019 -0.859 -1.465 -1.575
0.017873 0.09000 9.39794 1.5991548300 2.5464742184    1.599  1.739  3.6773  2.565    4 0.423 3.423 2.392 1.236 0.552 -0.020 -0.858 -1.464 -1.573
0.017873 0.09000 9.39794 1.5999232531 2.5465288162    1.599  1.739  3.6776  2.565    4 0.423 3.418 2.389 1.234 0.551 -0.020 -0.858 -1.463 -1.572
0.017873 0.09000 9.39794 1.6006376743 2.5465793610    1.600  1.739  3.6777  2.566    4 0.422 3.413 2.387 1.233 0.550 -0.021 -0.858 -1.462 -1.571
0.017873 0.09000 9.39794 1.6013411283 2.5466294289    1.601  1.739  3.6779  2.567    4 0.422 3.409 2.384 1.231 0.548 -0.022 -0.858 -1.462 -1.571
0.017873 0.09000 9.39794 1.6014192104 2.5466349125    1.601  1.739  3.6779  2.567    4 0.422 3.408 2.384 1.231 0.548 -0.022 -0.859 -1.462 -1.571
0.017873 0.09000 9.39794 1.6021058559 2.5466835499    1.602  1.740  3.6781  2.567    4 0.420 3.404 2.381 1.228 0.547 -0.023 -0.859 -1.462 -1.571
0.017873 0.09000 9.39794 1.6028745174 2.5467379093    1.602  1.741  3.6782  2.567    4 0.418 3.399 2.378 1.226 0.544 -0.025 -0.861 -1.463 -1.572
0.017873 0.09000 9.39794 1.6035821438 2.5467879772    1.603  1.742  3.6783  2.567    4 0.416 3.394 2.374 1.223 0.542 -0.028 -0.863 -1.465 -1.574
0.017873 0.09000 9.39794 1.6043362617 2.5468411446    1.604  1.743  3.6784  2.566    4 0.413 3.389 2.370 1.219 0.539 -0.030 -0.865 -1.467 -1.576
0.017873 0.09000 9.39794 1.6050562859 2.5468919277    1.605  1.744  3.6785  2.565    4 0.410 3.385 2.367 1.216 0.536 -0.034 -0.868 -1.470 -1.579
0.017873 0.09000 9.39794 1.6058282852 2.5469462872    1.605  1.746  3.6785  2.564    4 0.406 3.380 2.362 1.212 0.531 -0.038 -0.872 -1.474 -1.583
0.017873 0.09000 9.39794 1.6058830023 2.5469501019    1.605  1.746  3.6785  2.564    4 0.406 3.380 2.362 1.211 0.531 -0.038 -0.873 -1.474 -1.583
0.017873 0.09000 9.39794 1.6064891815 2.5469927788    1.606  1.747  3.6785  2.563    4 0.402 3.376 2.358 1.208 0.527 -0.042 -0.876 -1.478 -1.586
0.017873 0.09000 9.39794 1.6067734957 2.5470128059    1.606  1.748  3.6785  2.562    4 0.400 3.375 2.357 1.206 0.526 -0.043 -0.878 -1.479 -1.588
0.017873 0.09000 9.39794 1.6072144508 2.5470438004    1.607  1.749  3.6785  2.561    4 0.397 3.372 2.354 1.203 0.523 -0.047 -0.881 -1.483 -1.592
0.017873 0.09000 9.39794 1.6079250574 2.5470938683    1.608  1.751  3.6784  2.558    4 0.391 3.368 2.349 1.198 0.517 -0.052 -0.887 -1.489 -1.598
0.017873 0.09000 9.39794 1.6086390018 2.5471439362    1.608  1.754  3.6783  2.555    4 0.385 3.364 2.343 1.192 0.511 -0.059 -0.894 -1.496 -1.605
0.017873 0.09000 9.39794 1.6093537807 2.5471940041    1.609  1.757  3.6781  2.552    4 0.377 3.359 2.337 1.185 0.503 -0.066 -0.903 -1.505 -1.614
0.017873 0.09000 9.39794 1.6100746393 2.5472445488    1.610  1.761  3.6779  2.547    4 0.368 3.355 2.331 1.177 0.495 -0.075 -0.912 -1.516 -1.625
0.017873 0.09000 9.39794 1.6108049154 2.5472955704    1.610  1.765  3.6776  2.542    4 0.357 3.351 2.323 1.168 0.485 -0.086 -0.924 -1.529 -1.638
0.017873 0.09000 9.39794 1.6115292311 2.5473461151    1.611  1.770  3.6772  2.536    4 0.345 3.346 2.314 1.158 0.474 -0.098 -0.937 -1.543 -1.652
0.017873 0.09000 9.39794 1.6122616529 2.5473973751    1.612  1.778  3.6766  2.526    4 0.326 3.340 2.302 1.142 0.457 -0.116 -0.958 -1.566 -1.676
0.017873 0.09000 9.39794 1.6129924059 2.5474483967    1.613  1.786  3.6758  2.515    4 0.304 3.334 2.288 1.125 0.437 -0.137 -0.982 -1.592 -1.702
0.017873 0.09000 9.39794 1.6137498617 2.5475010872    1.613  1.796  3.6750  2.502    4 0.280 3.328 2.273 1.106 0.416 -0.161 -1.008 -1.620 -1.732
0.017873 0.09000 9.39794 1.6145170927 2.5475544930    1.614  1.818  3.6731  2.473    4 0.226 3.322 2.241 1.063 0.366 -0.214 -1.069 -1.687 -1.799
0.017873 0.09000 9.39794 1.6151359081 2.5475974083    1.615  1.853  3.6699  2.424    4 0.137 3.313 2.189 0.993 0.285 -0.302 -1.169 -1.795 -1.909
0.017873 0.09000 9.39794 1.6154588461 2.5476198196    1.615  1.893  3.6665  2.372    4 0.039 3.307 2.135 0.917 0.198 -0.397 -1.277 -1.914 -2.030
0.017873 0.09000 9.39794 1.6156241894 2.5476315022    1.615  1.931  3.6632  2.319    4 -0.059 3.299 2.079 0.842 0.111 -0.492 -1.385 -2.031 -2.149
0.017873 0.09000 9.39794 1.6157075167 2.5476372242    1.615  1.971  3.6598  2.267    4 -0.157 3.291 2.023 0.766 0.023 -0.587 -1.493 -2.148 -2.269
0.017873 0.09000 9.39794 1.6157487631 2.5476400852    1.615  2.009  3.6566  2.215    4 -0.253 3.287 1.971 0.693 -0.061 -0.680 -1.599 -2.263 -2.387
0.017873 0.09000 9.39794 1.6157726049 2.5476417542    1.615  2.048  3.6534  2.164    4 -0.350 3.282 1.918 0.620 -0.147 -0.773 -1.705 -2.379 -2.505
0.017873 0.09000 9.39794 1.6157876253 2.5476427078    1.615  2.085  3.6503  2.115    4 -0.442 3.277 1.866 0.549 -0.229 -0.862 -1.806 -2.489 -2.617
0.017873 0.09000 9.39794 1.6157904863 2.5476429462    1.615  2.093  3.6497  2.104    4 -0.463 3.276 1.855 0.534 -0.247 -0.882 -1.828 -2.513 -2.642
0.017873 0.09000 9.39794 1.6157907248 2.5476429462    1.615  2.094  3.6496  2.103    7 -0.464 3.276 1.855 0.533 -0.248 -0.883 -1.830 -2.515 -2.643
0.017873 0.09000 9.39794 1.6157915592 2.5476429462    1.615  2.096  3.6494  2.099    7 -0.471 3.276 1.851 0.528 -0.254 -0.890 -1.837 -2.523 -2.652
0.017873 0.09000 9.39794 1.6158031225 2.5476438999    1.615  2.137  3.6461  2.046    7 -0.572 3.273 1.797 0.453 -0.341 -0.987 -1.947 -2.643 -2.774
0.017873 0.09000 9.39794 1.6158138514 2.5476446152    1.615  2.177  3.6429  1.993    7 -0.672 3.269 1.745 0.380 -0.427 -1.081 -2.055 -2.760 -2.894
0.017873 0.09000 9.39794 1.6158245802 2.5476453304    1.615  2.213  3.6399  1.944    7 -0.764 3.246 1.697 0.309 -0.507 -1.168 -2.154 -2.863 -3.001
0.017873 0.09000 9.39794 1.6158396006 2.5476462841    1.615  2.243  3.6375  1.905    7 -0.838 3.226 1.659 0.253 -0.569 -1.237 -2.233 -2.946 -3.088
0.017873 0.09000 9.39794 1.6158678532 2.5476484299    1.615  2.224  3.6391  1.931    7 -0.790 3.237 1.683 0.288 -0.529 -1.192 -2.181 -2.892 -3.031
0.017873 0.09000 9.39794 1.6158936024 2.5476500988    1.615  2.187  3.6422  1.980    7 -0.697 3.260 1.731 0.360 -0.449 -1.105 -2.082 -2.787 -2.922
0.017873 0.09000 9.39794 1.6159509420 2.5476541519    1.615  2.148  3.6453  2.032    7 -0.599 3.270 1.782 0.432 -0.365 -1.013 -1.977 -2.675 -2.806
0.017873 0.09000 9.39794 1.6160777807 2.5476629734    1.616  2.126  3.6471  2.061    7 -0.544 3.271 1.811 0.473 -0.318 -0.960 -1.917 -2.609 -2.740
0.017873 0.09000 9.39794 1.6166896820 2.5477054119    1.616  2.152  3.6450  2.027    7 -0.610 3.271 1.777 0.425 -0.374 -1.022 -1.988 -2.687 -2.819
0.017873 0.09000 9.39794 1.6170333624 2.5477292538    1.617  2.192  3.6417  1.973    7 -0.710 3.259 1.724 0.350 -0.461 -1.118 -2.096 -2.803 -2.939
0.017873 0.09000 9.39794 1.6173121929 2.5477485657    1.617  2.234  3.6383  1.918    7 -0.815 3.232 1.670 0.270 -0.550 -1.216 -2.209 -2.921 -3.061
0.017873 0.09000 9.39794 1.6175392866 2.5477643013    1.617  2.276  3.6348  1.862    7 -0.920 3.204 1.616 0.191 -0.638 -1.313 -2.321 -3.038 -3.184
0.017873 0.09000 9.39794 1.6177265644 2.5477771759    1.617  2.318  3.6314  1.807    7 -1.024 3.175 1.562 0.113 -0.725 -1.409 -2.431 -3.153 -3.305
0.017873 0.09000 9.39794 1.6178857088 2.5477881432    1.617  2.359  3.6281  1.752    7 -1.127 3.142 1.507 0.037 -0.809 -1.504 -2.540 -3.268 -3.426
0.017873 0.09000 9.39794 1.6180237532 2.5477976799    1.618  2.400  3.6247  1.698    7 -1.229 3.107 1.453 -0.037 -0.892 -1.597 -2.649 -3.382 -3.546
0.017873 0.09000 9.39794 1.6181459427 2.5478062630    1.618  2.441  3.6213  1.644    7 -1.332 3.070 1.398 -0.112 -0.974 -1.690 -2.757 -3.495 -3.666
0.017873 0.09000 9.39794 1.6182571650 2.5478138924    1.618  2.481  3.6179  1.589    7 -1.433 3.031 1.344 -0.184 -1.054 -1.782 -2.864 -3.608 -3.786
0.017873 0.09000 9.39794 1.6183598042 2.5478210449    1.618  2.522  3.6145  1.535    7 -1.535 2.992 1.290 -0.255 -1.133 -1.873 -2.972 -3.721 -3.906
0.017873 0.09000 9.39794 1.6184552908 2.5478277206    1.618  2.563  3.6111  1.480    7 -1.638 2.969 1.239 -0.324 -1.213 -1.965 -3.080 -3.837 -4.029
0.017873 0.09000 9.39794 1.6185442209 2.5478336811    1.618  2.604  3.6076  1.425    7 -1.741 2.973 1.195 -0.387 -1.290 -2.060 -3.192 -3.959 -4.155
0.017873 0.09000 9.39794 1.6186227798 2.5478391647    1.618  2.644  3.6042  1.372    7 -1.840 2.979 1.156 -0.444 -1.362 -2.150 -3.299 -4.075 -4.277
0.017873 0.09000 9.39794 1.6187012196 2.5478446484    1.618  2.684  3.6007  1.318    7 -1.940 2.988 1.117 -0.501 -1.434 -2.241 -3.407 -4.192 -4.399
0.017873 0.09000 9.39794 1.6187789440 2.5478501320    1.618  2.724  3.5971  1.263    7 -2.041 2.991 1.082 -0.552 -1.501 -2.332 -3.517 -4.311 -4.524
0.017873 0.09000 9.39794 1.6188538074 2.5478551388    1.618  2.766  3.5933  1.206    7 -2.146 2.994 1.046 -0.603 -1.569 -2.426 -3.631 -4.436 -4.653
0.017873 0.09000 9.39794 1.6189172268 2.5478596687    1.618  2.812  3.5892  1.144    7 -2.260 2.999 1.010 -0.656 -1.641 -2.528 -3.755 -4.570 -4.794
0.017873 0.09000 9.39794 1.6189599037 2.5478625298    1.618  2.859  3.5849  1.080    7 -2.376 2.999 0.980 -0.699 -1.706 -2.630 -3.882 -4.708 -4.939
0.017873 0.09000 9.39794 1.6189893484 2.5478646755    1.618  2.902  3.5809  1.021    7 -2.484 3.002 0.954 -0.738 -1.766 -2.725 -3.999 -4.836 -5.073
0.017873 0.09000 9.39794 1.6190147400 2.5478663445    1.619  2.944  3.5768  0.963    7 -2.589 3.004 0.942 -0.757 -1.809 -2.814 -4.115 -4.962 -5.205
0.017873 0.09000 9.39794 1.6190378666 2.5478680134    1.619  2.985  3.5727  0.905    7 -2.692 3.007 0.935 -0.769 -1.848 -2.901 -4.230 -5.086 -5.335
0.017873 0.09000 9.39794 1.6190598011 2.5478694439    1.619  3.026  3.5685  0.848    7 -2.794 3.010 0.936 -0.772 -1.878 -2.985 -4.344 -5.209 -5.465
0.017873 0.09000 9.39794 1.6190788746 2.5478706360    1.619  3.063  3.5647  0.795    7 -2.887 3.011 0.947 -0.757 -1.895 -3.057 -4.449 -5.321 -5.583
0.017873 0.09000 9.39794 1.6191002131 2.5478723049    1.619  3.103  3.5604  0.738    7 -2.988 3.012 0.960 -0.741 -1.912 -3.136 -4.563 -5.443 -5.712
0.017873 0.09000 9.39794 1.6191220284 2.5478737354    1.619  3.140  3.5564  0.685    7 -3.081 3.012 0.993 -0.699 -1.911 -3.201 -4.668 -5.556 -5.832
0.017873 0.09000 9.39794 1.6191455126 2.5478754044    1.619  3.177  3.5524  0.632    7 -3.172 3.013 1.029 -0.652 -1.906 -3.263 -4.771 -5.667 -5.950
0.017873 0.09000 9.39794 1.6191715002 2.5478770733    1.619  3.214  3.5482  0.579    7 -3.264 3.014 1.076 -0.591 -1.892 -3.320 -4.876 -5.780 -6.069
0.017873 0.09000 9.39794 1.6191930771 2.5478787422    1.619  3.244  3.5448  0.535    7 -3.339 3.015 1.129 -0.523 -1.870 -3.359 -4.963 -5.872 -6.167
0.017873 0.09000 9.39794 1.6191973686 2.5478789806    1.619  3.219  3.5476  0.570    7 -3.279 3.013 1.085 -0.580 -1.889 -3.328 -4.893 -5.798 -6.088
0.017873 0.09000 9.39794 1.6191999912 2.5478792191    1.619  3.224  3.5472  0.564    7 -3.289 3.013 1.091 -0.572 -1.887 -3.334 -4.905 -5.811 -6.102
0.017873 0.09000 9.39794 1.6192015409 2.5478792191    1.619  3.257  3.5433  0.515    7 -3.373 3.015 1.150 -0.495 -1.862 -3.377 -5.002 -5.914 -6.211
0.017873 0.09000 9.39794 1.6192033291 2.5478794575    1.619  3.291  3.5391  0.464    7 -3.459 3.020 1.225 -0.400 -1.827 -3.416 -5.101 -6.019 -6.325
0.017873 0.09000 9.39794 1.6192054749 2.5478794575    1.619  3.325  3.5351  0.415    7 -3.542 3.024 1.318 -0.285 -1.780 -3.440 -5.198 -6.122 -6.434
0.017873 0.09000 9.39794 1.6192088127 2.5478796959    1.619  3.362  3.5304  0.359    7 -3.634 3.031 1.426 -0.150 -1.723 -3.464 -5.307 -6.236 -6.558
0.017873 0.09000 9.39794 1.6192127466 2.5478799343    1.619  3.383  3.5278  0.327    7 -3.687 3.033 1.502 -0.056 -1.682 -3.464 -5.369 -6.302 -6.628
#isochrone terminated
