# File generated by CMD 3.3 (http://stev.oapd.inaf.it/cmd) on Sun Dec  8 07:03:41 CET 2019
# isochrones based on PARSEC release v1.2S +  COLIBRI S_35
# Basic references: Bressan et al. (2012), MNRAS, 427, 127 + Chen et al. (2014, 2015), MNRAS, 444, 2525 + MNRAS, 452, 1068 + Tang et al. (2014), MNRAS, 445, 4287 + Marigo et al. (2017), ApJ, 835, 77 + Pastorelli al. (2019), MNRAS in press
# Thermal pulse cycles included 
# On RGB, assumed Reimers mass loss with efficiency eta=0.2
# Photometric system: <i>UBVRIJHK</i> (cf. Maiz-Apellaniz 2006 + Bessell 1990)
# Attention: photometry includes extinction of Av=0.2, with coefficients derived star-by-star, for Cardelli et al 89 + O'Donnell 94 Rv=3.1 extinction curve.
# Using YBC version of bolometric corrections as in Chen et al. (2019)
# O-rich circumstellar dpmod60alox40 dust from Groenewegen (2006)
# C-rich circumstellar AMCSIC15 dust from Groenewegen (2006)
# IMF: Kroupa (2001, 2002) + Kroupa et al. (2013) canonical two-part-power law IMF corrected for unresolved binaries 
# Kind of output: isochrone tables
# Zini     MH   logAge Mini        int_IMF         Mass   logL    logTe  logg  label   McoreTP C_O  period0 period1 pmode  Mloss  tau1m   X   Y   Xc  Xn  Xo  Cexcess  Z 	 mbolmag  Umag    Bmag    Vmag    Rmag    Imag    Jmag    Hmag    Kmag
0.01471 0.00000 9.84510 0.0900000036 1.0816895962    0.090 -3.422  3.3633  5.219    1  0.000  0.545     0.00     0.00 -1  -3.9e-17      0.00 7.099e-01 2.753e-01 2.655e-03 7.163e-04 6.496e-03 -1.000 1.476e-02 13.325 22.914 20.215 18.334 16.121 13.848 11.305 10.672 10.374
0.01471 0.00000 9.84510 0.1000000015 1.1711064577    0.100 -3.238  3.3895  5.186    1  0.000  0.545     0.00     0.00 -1 -5.87e-17      0.00 7.096e-01 2.756e-01 2.655e-03 7.163e-04 6.496e-03 -1.000 1.476e-02 12.865 22.392 19.729 17.857 15.656 13.389 10.847 10.215 9.913
0.01471 0.00000 9.84510 0.1138702929 1.2775208950    0.114 -3.048  3.4146  5.153    1  0.000  0.545     0.00     0.00 -1 -8.84e-17      0.00 7.092e-01 2.761e-01 2.655e-03 7.163e-04 6.496e-03 -1.000 1.476e-02 12.391 21.855 19.228 17.365 15.176 12.914 10.373 9.743 9.437
0.01471 0.00000 9.84510 0.1200000048 1.3193155527    0.120 -2.972  3.4247  5.140    1  0.000  0.545     0.00     0.00 -1 -1.04e-16      0.00 7.090e-01 2.762e-01 2.655e-03 7.163e-04 6.496e-03 -1.000 1.476e-02 12.199 21.218 18.738 16.904 14.814 12.618 10.200 9.568 9.260
0.01471 0.00000 9.84510 0.1400000006 1.4384527206    0.140 -2.789  3.4446  5.103    1  0.000  0.545     0.00     0.00 -1 -1.53e-16      0.00 7.085e-01 2.768e-01 2.655e-03 7.163e-04 6.496e-03 -1.000 1.476e-02 11.743 19.707 17.547 15.797 13.941 11.911 9.790 9.156 8.847
0.01471 0.00000 9.84510 0.1523680389 1.5015743971    0.152 -2.699  3.4532  5.085    1  0.000  0.545     0.00     0.00 -1 -1.85e-16      0.00 7.081e-01 2.771e-01 2.655e-03 7.163e-04 6.496e-03 -1.000 1.476e-02 11.519 19.066 17.026 15.308 13.547 11.591 9.587 8.952 8.644
0.01471 0.00000 9.84510 0.1599999964 1.5372931957    0.160 -2.648  3.4582  5.075    1  0.000  0.545     0.00     0.00 -1 -2.05e-16      0.00 7.080e-01 2.773e-01 2.655e-03 7.163e-04 6.496e-03 -1.000 1.476e-02 11.389 18.700 16.729 15.024 13.318 11.409 9.470 8.835 8.528
0.01471 0.00000 9.84510 0.2000000030 1.6938791275    0.200 -2.430  3.4769  5.029    1  0.000  0.545     0.00     0.00 -1  -3.2e-16      0.00 7.071e-01 2.781e-01 2.655e-03 7.163e-04 6.496e-03 -1.000 1.476e-02 10.845 17.368 15.612 13.965 12.443 10.699 8.971 8.333 8.035
0.01471 0.00000 9.84510 0.2500000000 1.8403258324    0.250 -2.220  3.4932  4.981    1  0.000  0.545     0.00     0.00 -1 -4.88e-16      0.00 7.064e-01 2.788e-01 2.655e-03 7.163e-04 6.496e-03 -1.000 1.476e-02 10.321 16.262 14.653 13.040 11.652 10.060 8.489 7.849 7.561
0.01471 0.00000 9.84510 0.3000000119 1.9529139996    0.300 -2.057  3.5038  4.940    1  0.000  0.545     0.00     0.00 -1 -2.32e-16      0.00 7.061e-01 2.791e-01 2.655e-03 7.163e-04 6.496e-03 -1.000 1.476e-02 9.913 15.535 14.003 12.422 11.106 9.595 8.105 7.463 7.183
0.01471 0.00000 9.84510 0.3500000238 2.0434176922    0.350 -1.906  3.5124  4.890    1  0.000  0.545     0.00     0.00 -1 -7.09e-16      0.00 7.105e-01 2.748e-01 2.655e-03 7.163e-04 6.496e-03 -1.000 1.476e-02 9.535 14.917 13.441 11.888 10.625 9.176 7.746 7.100 6.828
0.01471 0.00000 9.84510 0.4000000358 2.1185026169    0.400 -1.762  3.5234  4.847    1  0.000  0.545     0.00     0.00 -1  -1.3e-15      0.00 7.106e-01 2.746e-01 2.655e-03 7.163e-04 6.496e-03 -1.000 1.476e-02 9.174 14.302 12.873 11.347 10.143 8.772 7.413 6.759 6.497
0.01471 0.00000 9.84510 0.4500000179 2.1822810173    0.450 -1.612  3.5357  4.798    1  0.000  0.545     0.00     0.00 -1 -1.83e-15      0.00 7.107e-01 2.745e-01 2.655e-03 7.163e-04 6.496e-03 -1.000 1.476e-02 8.799 13.694 12.295 10.797 9.648 8.357 7.069 6.406 6.153
0.01471 0.00000 9.84510 0.5000000000 2.2374541759    0.500 -1.454  3.5510  4.747    1  0.000  0.545     0.00     0.00 -1 -2.65e-15      0.00 7.107e-01 2.745e-01 2.655e-03 7.163e-04 6.496e-03 -1.000 1.476e-02 8.405 13.066 11.678 10.207 9.116 7.921 6.713 6.040 5.798
0.01471 0.00000 9.84510 0.5500000119 2.2836582661    0.550 -1.281  3.5708  4.695    1  0.000  0.545     0.00     0.00 -1 -3.98e-15      0.00 7.269e-01 2.591e-01 2.515e-03 6.788e-04 6.157e-03 -1.000 1.400e-02 7.974 12.391 10.988 9.537 8.508 7.448 6.336 5.648 5.425
0.01471 0.00000 9.84510 0.6000000238 2.3211214542    0.600 -1.111  3.5953  4.660    1  0.000  0.545     0.00     0.00 -1 -5.88e-15      0.00 7.293e-01 2.568e-01 2.496e-03 6.736e-04 6.111e-03 -1.000 1.389e-02 7.547 11.709 10.276 8.860 7.891 6.990 5.974 5.267 5.078
0.01471 0.00000 9.84510 0.6499999762 2.3520355225    0.650 -0.938  3.6249  4.640    1  0.000  0.544     0.00     0.00 -1  -8.6e-15      0.00 7.316e-01 2.546e-01 2.478e-03 6.688e-04 6.068e-03 -1.000 1.381e-02 7.114 10.967 9.497 8.169 7.273 6.532 5.609 4.903 4.760
0.01471 0.00000 9.84510 0.6548643112 2.3547544479    0.655 -0.921  3.6279  4.639    1  0.000  0.544     0.00     0.00 -1 -8.92e-15      0.00 7.318e-01 2.544e-01 2.476e-03 6.683e-04 6.064e-03 -1.000 1.379e-02 7.072 10.888 9.417 8.100 7.213 6.488 5.574 4.870 4.732
0.01471 0.00000 9.84510 0.7000000477 2.3779268265    0.700 -0.770  3.6550  4.626    1  0.000  0.544     0.00     0.00 -1 -1.24e-14      0.00 7.337e-01 2.526e-01 2.461e-03 6.643e-04 6.028e-03 -1.000 1.367e-02 6.696 10.014 8.677 7.486 6.690 6.095 5.271 4.614 4.508
0.01471 0.00000 9.84510 0.7248414159 2.3892738819    0.725 -0.689  3.6697  4.618    1  0.000  0.541     0.00     0.00 -1 -1.48e-14      0.00 7.349e-01 2.514e-01 2.435e-03 6.613e-04 6.006e-03 -1.000 1.365e-02 6.492 9.473 8.283 7.165 6.427 5.883 5.111 4.498 4.402
0.01471 0.00000 9.84510 0.7500000000 2.3998889923    0.750 -0.608  3.6840  4.609    1  0.000  0.537     0.00     0.00 -1 -1.77e-14      0.00 7.361e-01 2.504e-01 2.409e-03 6.584e-04 5.984e-03 -1.000 1.355e-02 6.291 8.946 7.913 6.864 6.183 5.674 4.954 4.390 4.300
0.01471 0.00000 9.84510 0.7543006539 2.4016222954    0.754 -0.595  3.6860  4.606    1  0.000  0.537     0.00     0.00 -1 -1.83e-14      0.00 7.364e-01 2.501e-01 2.407e-03 6.578e-04 5.978e-03 -1.000 1.354e-02 6.257 8.873 7.858 6.818 6.145 5.641 4.927 4.369 4.280
0.01471 0.00000 9.84510 0.7846656442 2.4132411480    0.784 -0.502  3.6997  4.586    1  0.000  0.537     0.00     0.00 -1 -2.27e-14      0.00 7.384e-01 2.482e-01 2.391e-03 6.535e-04 5.940e-03 -1.000 1.348e-02 6.026 8.353 7.484 6.506 5.884 5.409 4.742 4.225 4.143
0.01471 0.00000 9.84510 0.8000000119 2.4187245369    0.800 -0.456  3.7065  4.575    1  0.000  0.537     0.00     0.00 -1 -2.53e-14      0.00 7.394e-01 2.472e-01 2.383e-03 6.514e-04 5.921e-03 -1.000 1.342e-02 5.910 8.107 7.307 6.356 5.757 5.295 4.650 4.153 4.074
0.01471 0.00000 9.84510 0.8253658414 2.4272830486    0.825 -0.380  3.7172  4.555    1  0.000  0.537     0.00     0.00 -1 -3.04e-14      0.00 7.413e-01 2.453e-01 2.367e-03 6.472e-04 5.883e-03 -1.000 1.337e-02 5.719 7.714 7.023 6.115 5.550 5.108 4.498 4.031 3.956
0.01471 0.00000 9.84510 0.8490858674 2.4347562790    0.848 -0.309  3.7268  4.535    1  0.000  0.536     0.00     0.00 -1 -3.61e-14      0.00 7.432e-01 2.435e-01 2.352e-03 6.432e-04 5.848e-03 -1.000 1.332e-02 5.542 7.366 6.771 5.899 5.363 4.936 4.356 3.915 3.844
0.01471 0.00000 9.84510 0.8500000238 2.4350347519    0.849 -0.306  3.7272  4.534    1  0.000  0.536     0.00     0.00 -1 -3.64e-14      0.00 7.432e-01 2.434e-01 2.352e-03 6.430e-04 5.846e-03 -1.000 1.332e-02 5.535 7.353 6.762 5.891 5.356 4.930 4.351 3.911 3.840
0.01471 0.00000 9.84510 0.8685012460 2.4405252934    0.868 -0.250  3.7341  4.515    1  0.000  0.536     0.00     0.00 -1 -4.17e-14      0.00 7.450e-01 2.418e-01 2.338e-03 6.392e-04 5.812e-03 -1.000 1.321e-02 5.396 7.097 6.571 5.727 5.212 4.797 4.239 3.817 3.749
0.01471 0.00000 9.84510 0.8905233145 2.4467201233    0.890 -0.184  3.7420  4.492    1  0.000  0.536     0.00     0.00 -1 -4.93e-14      0.00 7.472e-01 2.397e-01 2.321e-03 6.346e-04 5.771e-03 -1.000 1.310e-02 5.231 6.797 6.346 5.535 5.042 4.641 4.108 3.705 3.640
0.01471 0.00000 9.84510 0.8999999762 2.4492788315    0.899 -0.156  3.7453  4.481    1  0.000  0.536     0.00     0.00 -1  -5.3e-14      0.00 7.481e-01 2.388e-01 2.313e-03 6.326e-04 5.753e-03 -1.000 1.307e-02 5.159 6.666 6.251 5.454 4.971 4.575 4.051 3.656 3.593
0.01471 0.00000 9.84510 0.9041506648 2.4503800869    0.903 -0.143  3.7467  4.476    1  0.000  0.536     0.00     0.00 -1 -5.48e-14      0.00 7.486e-01 2.383e-01 2.309e-03 6.315e-04 5.743e-03 -1.000 1.305e-02 5.128 6.611 6.210 5.419 4.940 4.546 4.026 3.634 3.572
0.01471 0.00000 9.84510 0.9177020192 2.4538958073    0.917 -0.102  3.7510  4.458    1  0.000  0.536     0.00     0.00 -1 -6.11e-14      0.00 7.503e-01 2.367e-01 2.296e-03 6.279e-04 5.711e-03 -1.000 1.300e-02 5.024 6.434 6.078 5.304 4.837 4.450 3.942 3.560 3.500
0.01471 0.00000 9.84510 0.9301835895 2.4570300579    0.929 -0.064  3.7548  4.441    1  0.000  0.536     0.00     0.00 -1 -6.75e-14      0.00 7.519e-01 2.352e-01 2.283e-03 6.245e-04 5.681e-03 -1.000 1.292e-02 4.929 6.280 5.958 5.199 4.743 4.362 3.863 3.490 3.432
0.01471 0.00000 9.84510 0.9422552586 2.4599709511    0.941 -0.027  3.7583  4.424    1  0.000  0.536     0.00     0.00 -1 -7.45e-14      0.00 7.535e-01 2.337e-01 2.271e-03 6.212e-04 5.651e-03 -1.000 1.283e-02 4.836 6.133 5.842 5.099 4.651 4.275 3.787 3.422 3.365
0.01471 0.00000 9.84510 0.9499999881 2.4618122578    0.949 -0.002  3.7605  4.412    1  0.000  0.536     0.00     0.00 -1 -7.95e-14      0.00 7.544e-01 2.327e-01 2.263e-03 6.191e-04 5.632e-03 -1.000 1.281e-02 4.776 6.040 5.768 5.033 4.592 4.219 3.737 3.376 3.320
0.01471 0.00000 9.84510 0.9640749097 2.4650719166    0.963  0.042  3.7641  4.389    1  0.000  0.536     0.00     0.00 -1 -8.97e-14      0.00 7.568e-01 2.305e-01 2.244e-03 6.140e-04 5.586e-03 -1.000 1.273e-02 4.666 5.879 5.635 4.916 4.484 4.117 3.644 3.292 3.238
0.01471 0.00000 9.84510 0.9746462107 2.4674491882    0.974  0.075  3.7666  4.370    1  0.000  0.536     0.00     0.00 -1 -9.86e-14      0.00 7.586e-01 2.288e-01 2.230e-03 6.101e-04 5.551e-03 -1.000 1.263e-02 4.582 5.760 5.535 4.827 4.402 4.039 3.573 3.226 3.173
0.01471 0.00000 9.84510 0.9936230779 2.4715707302    0.993  0.135  3.7707  4.335    1  0.000  0.535     0.00     0.00 -1 -1.17e-13      0.00 7.619e-01 2.256e-01 2.203e-03 6.030e-04 5.488e-03 -1.000 1.248e-02 4.432 5.554 5.359 4.669 4.254 3.898 3.442 3.105 3.054
0.01471 0.00000 9.84510 1.0000000000 2.4729156494    1.000  0.155  3.7719  4.322    1  0.000  0.535     0.00     0.00 -1 -1.24e-13      0.00 7.631e-01 2.245e-01 2.194e-03 6.006e-04 5.466e-03 -1.000 1.244e-02 4.382 5.489 5.302 4.617 4.205 3.851 3.399 3.063 3.013
0.01471 0.00000 9.84510 1.0033476353 2.4736137390    1.003  0.166  3.7725  4.315    1  0.000  0.535     0.00     0.00 -1 -1.27e-13      0.00 7.638e-01 2.238e-01 2.188e-03 5.989e-04 5.451e-03 -1.000 1.241e-02 4.356 5.455 5.272 4.590 4.180 3.826 3.375 3.042 2.991
0.01471 0.00000 9.84510 1.0131305456 2.4756233692    1.012  0.196  3.7738  4.295    1  0.000  0.535     0.00     0.00 -1 -1.37e-13      0.00 7.660e-01 2.217e-01 2.171e-03 5.944e-04 5.411e-03 -1.000 1.232e-02 4.280 5.363 5.188 4.512 4.105 3.754 3.306 2.976 2.926
0.01471 0.00000 9.84510 1.0287266970 2.4787364006    1.028  0.246  3.7757  4.258    1  0.000  0.535     0.00     0.00 -1 -1.55e-13      0.00 7.687e-01 2.191e-01 2.150e-03 5.887e-04 5.360e-03 -1.000 1.221e-02 4.154 5.212 5.049 4.382 3.980 3.633 3.190 2.863 2.814
0.01471 0.00000 9.84510 1.0412349701 2.4811556339    1.040  0.290  3.7771  4.226    1  0.000  0.535     0.00     0.00 -1 -1.74e-13      0.00 7.693e-01 2.185e-01 2.146e-03 5.876e-04 5.350e-03 -1.000 1.220e-02 4.046 5.087 4.932 4.272 3.874 3.529 3.089 2.766 2.718
0.01471 0.00000 9.84510 1.0499999523 2.4828116894    1.049  0.321  3.7777  4.200    1  0.000  0.535     0.00     0.00 -1 -1.89e-13      0.00 7.692e-01 2.186e-01 2.148e-03 5.881e-04 5.354e-03 -1.000 1.219e-02 3.967 5.000 4.849 4.192 3.796 3.451 3.014 2.692 2.644
0.01471 0.00000 9.84510 1.0514956713 2.4830911160    1.050  0.327  3.7778  4.196    1  0.000  0.535     0.00     0.00 -1 -1.91e-13      0.00 7.693e-01 2.185e-01 2.147e-03 5.880e-04 5.353e-03 -1.000 1.218e-02 3.954 4.985 4.834 4.178 3.782 3.438 3.000 2.679 2.631
0.01471 0.00000 9.84510 1.0612274408 2.4848868847    1.060  0.363  3.7778  4.163    1  0.000  0.535     0.00     0.00 -1 -2.12e-13      0.00 7.694e-01 2.184e-01 2.149e-03 5.884e-04 5.358e-03 -1.000 1.221e-02 3.862 4.892 4.741 4.085 3.690 3.346 2.909 2.587 2.539
0.01471 0.00000 9.84510 1.0694681406 2.4863781929    1.068  0.395  3.7774  4.133    1  0.000  0.535     0.00     0.00 -1 -2.32e-13      0.00 7.688e-01 2.189e-01 2.156e-03 5.905e-04 5.377e-03 -1.000 1.225e-02 3.782 4.817 4.663 4.006 3.610 3.266 2.827 2.504 2.456
0.01471 0.00000 9.84510 1.0797702074 2.4882056713    1.078  0.436  3.7761  4.091    1  0.000  0.534     0.00     0.00 -1 -2.62e-13      0.00 7.671e-01 2.205e-01 2.174e-03 5.955e-04 5.423e-03 -1.000 1.238e-02 3.679 4.729 4.567 3.905 3.507 3.161 2.718 2.393 2.345
0.01471 0.00000 9.84510 1.0887638330 2.4897687435    1.087  0.473  3.7731  4.045    2  0.000  0.534     0.00     0.00 -1 -2.95e-13      0.00 7.614e-01 2.259e-01 2.225e-03 6.095e-04 5.551e-03 -1.000 1.264e-02 3.587 4.672 4.492 3.818 3.413 3.062 2.611 2.280 2.230
0.01471 0.00000 9.84510 1.0968858004 2.4911549091    1.095  0.505  3.7679  3.997    2  0.000  0.535     0.00     0.00 -1  -3.3e-13      0.00 7.535e-01 2.335e-01 2.291e-03 6.275e-04 5.713e-03 -1.000 1.298e-02 3.509 4.653 4.443 3.748 3.332 2.972 2.508 2.165 2.113
0.01471 0.00000 9.84510 1.1000000238 2.4916803837    1.098  0.516  3.7654  3.976    2  0.000  0.535     0.00     0.00 -1 -3.45e-13      0.00 7.499e-01 2.369e-01 2.321e-03 6.355e-04 5.785e-03 -1.000 1.314e-02 3.480 4.656 4.430 3.724 3.302 2.939 2.468 2.119 2.065
0.01471 0.00000 9.84510 1.1063786745 2.4927456379    1.105  0.532  3.7560  3.925    2  0.000  0.536     0.00     0.00 -1 -3.75e-13      0.00 7.402e-01 2.463e-01 2.398e-03 6.563e-04 5.969e-03 -1.000 1.356e-02 3.440 4.738 4.448 3.704 3.260 2.882 2.384 2.014 1.957
0.01471 0.00000 9.84510 1.1102845669 2.4933910370    1.109  0.529  3.7453  3.887    2  0.000  0.536     0.00     0.00 -1 -3.87e-13      0.00 7.326e-01 2.535e-01 2.455e-03 6.717e-04 6.106e-03 -1.000 1.388e-02 3.447 4.896 4.524 3.738 3.268 2.872 2.344 1.948 1.886
0.01471 0.00000 9.84510 1.1126388311 2.4937775135    1.111  0.518  3.7353  3.859    2  0.000  0.536     0.00     0.00 -1 -3.88e-13      0.00 7.279e-01 2.581e-01 2.490e-03 6.811e-04 6.190e-03 -1.000 1.407e-02 3.475 5.068 4.618 3.794 3.300 2.889 2.332 1.910 1.845
0.01471 0.00000 9.84510 1.1142822504 2.4940459728    1.112  0.509  3.7269  3.835    2  0.000  0.537     0.00     0.00 -1  -3.9e-13      0.00 7.249e-01 2.609e-01 2.512e-03 6.870e-04 6.241e-03 -1.000 1.420e-02 3.497 5.218 4.701 3.845 3.330 2.905 2.321 1.877 1.809
0.01471 0.00000 9.84510 1.1158354282 2.4942991734    1.114  0.507  3.7188  3.805    2  0.000  0.537     0.00     0.00 -1 -3.99e-13      0.00 7.224e-01 2.633e-01 2.529e-03 6.916e-04 6.282e-03 -1.000 1.429e-02 3.502 5.351 4.766 3.879 3.344 2.905 2.295 1.829 1.757
0.01471 0.00000 9.84510 1.1176941395 2.4946010113    1.116  0.519  3.7103  3.760    2  0.000  0.537     0.00     0.00 -1 -4.29e-13      0.00 7.197e-01 2.659e-01 2.546e-03 6.961e-04 6.322e-03 -1.000 1.437e-02 3.473 5.462 4.803 3.884 3.327 2.873 2.235 1.744 1.669
0.01471 0.00000 9.84510 1.1195052862 2.4948940277    1.118  0.547  3.7037  3.707    2  0.000  0.537     0.00     0.00 -1 -4.84e-13      0.00 7.171e-01 2.684e-01 2.560e-03 6.998e-04 6.353e-03 -1.000 1.443e-02 3.404 5.504 4.788 3.844 3.269 2.803 2.143 1.634 1.556
0.01471 0.00000 9.84510 1.1200213432 2.4949772358    1.118  0.557  3.7022  3.690    2  0.000  0.537     0.00     0.00 -1 -5.05e-13      0.00 7.164e-01 2.692e-01 2.563e-03 7.007e-04 6.362e-03 -1.000 1.445e-02 3.377 5.503 4.774 3.824 3.245 2.777 2.111 1.597 1.519
0.01471 0.00000 9.84510 1.1205600500 2.4950640202    1.119  0.571  3.7011  3.671    2  0.000  0.537     0.00     0.00 -1 -5.33e-13      0.00 7.155e-01 2.700e-01 2.565e-03 7.017e-04 6.368e-03 -1.000 1.445e-02 3.341 5.486 4.748 3.793 3.211 2.741 2.071 1.554 1.475
0.01471 0.00000 9.84510 1.1221131086 2.4953138828    1.120  0.616  3.6981  3.615    3  0.000  0.535     0.00     0.00 -1 -6.26e-13      0.00 7.128e-01 2.727e-01 2.563e-03 7.068e-04 6.387e-03 -1.000 1.449e-02 3.229 5.421 4.661 3.694 3.105 2.629 1.948 1.423 1.342
0.01471 0.00000 9.84510 1.1233519316 2.4955124855    1.121  0.657  3.6962  3.567    3  0.000  0.529     0.00     0.00 -1 -7.24e-13      0.00 7.102e-01 2.752e-01 2.539e-03 7.252e-04 6.399e-03 -1.000 1.456e-02 3.127 5.349 4.575 3.601 3.008 2.528 1.840 1.309 1.228
0.01471 0.00000 9.84510 1.1247932911 2.4957430363    1.123  0.709  3.6943  3.508    3  0.000  0.513     0.00     0.00 -1  -8.7e-13      0.00 7.068e-01 2.786e-01 2.465e-03 7.965e-04 6.412e-03 -1.000 1.463e-02 2.997 5.248 4.461 3.480 2.883 2.399 1.704 1.167 1.085
0.01471 0.00000 9.84510 1.1258590221 2.4959132671    1.124  0.752  3.6929  3.461    3  0.000  0.494     0.00     0.00 -1 -1.01e-12      0.00 7.040e-01 2.813e-01 2.377e-03 8.997e-04 6.419e-03 -1.000 1.464e-02 2.890 5.165 4.367 3.379 2.779 2.292 1.593 1.051 0.969
0.01471 0.00000 9.84510 1.1270532608 2.4961032867    1.125  0.803  3.6914  3.404    3  0.000  0.474     0.00     0.00 -1 -1.21e-12      0.00 7.010e-01 2.843e-01 2.283e-03 1.017e-03 6.426e-03 -1.000 1.466e-02 2.762 5.064 4.252 3.258 2.653 2.164 1.459 0.913 0.830
0.01471 0.00000 9.84510 1.1279644966 2.4962480068    1.126  0.846  3.6902  3.356    3  0.000  0.461     0.00     0.00 -1 -1.41e-12      0.00 6.988e-01 2.865e-01 2.225e-03 1.091e-03 6.431e-03 -1.000 1.466e-02 2.654 4.979 4.157 3.155 2.548 2.056 1.347 0.798 0.714
0.01471 0.00000 9.84510 1.1288156509 2.4963829517    1.127  0.890  3.6889  3.308    3  0.000  0.452     0.00     0.00 -1 -1.65e-12      0.00 6.968e-01 2.885e-01 2.181e-03 1.147e-03 6.434e-03 -1.000 1.467e-02 2.546 4.896 4.062 3.054 2.444 1.949 1.235 0.682 0.598
0.01471 0.00000 9.84510 1.1295557022 2.4965000153    1.127  0.931  3.6877  3.262    3  0.000  0.446     0.00     0.00 -1  -1.9e-12      0.00 6.954e-01 2.899e-01 2.151e-03 1.185e-03 6.436e-03 -1.000 1.470e-02 2.444 4.817 3.972 2.958 2.344 1.847 1.128 0.572 0.487
0.01471 0.00000 9.84510 1.1304446459 2.4966406822    1.128  0.984  3.6859  3.202    3  0.000  0.440     0.00     0.00 -1  -2.3e-12      0.00 6.939e-01 2.914e-01 2.124e-03 1.220e-03 6.439e-03 -1.000 1.470e-02 2.311 4.718 3.857 2.834 2.216 1.714 0.989 0.428 0.343
0.01471 0.00000 9.84510 1.1310636997 2.4967381954    1.129  1.024  3.6845  3.156    3  0.000  0.436     0.00     0.00 -1 -2.66e-12      0.00 6.929e-01 2.923e-01 2.108e-03 1.240e-03 6.440e-03 -1.000 1.471e-02 2.209 4.644 3.770 2.740 2.118 1.614 0.883 0.318 0.232
0.01471 0.00000 9.84510 1.1317801476 2.4968512058    1.130  1.075  3.6826  3.098    3  0.000  0.433     0.00     0.00 -1 -3.19e-12      0.00 6.921e-01 2.932e-01 2.094e-03 1.258e-03 6.442e-03 -1.000 1.474e-02 2.082 4.554 3.662 2.622 1.995 1.487 0.750 0.179 0.092
0.01471 0.00000 9.84510 1.1323138475 2.4969351292    1.130  1.116  3.6810  3.051    3  0.000  0.432     0.00     0.00 -1  -3.7e-12      0.00 6.916e-01 2.937e-01 2.086e-03 1.268e-03 6.442e-03 -1.000 1.472e-02 1.979 4.484 3.576 2.528 1.896 1.385 0.641 0.066 -0.021
0.01471 0.00000 9.84510 1.1329126358 2.4970293045    1.131  1.167  3.6789  2.992    3  0.000  0.430     0.00     0.00 -1 -4.44e-12      0.00 6.912e-01 2.941e-01 2.080e-03 1.277e-03 6.443e-03 -1.000 1.473e-02 1.853 4.400 3.471 2.413 1.776 1.259 0.508 -0.073 -0.162
0.01471 0.00000 9.84510 1.1334642172 2.4971158504    1.131  1.219  3.6767  2.932    3  0.000  0.430     0.00     0.00 -1 -5.36e-12      0.00 6.910e-01 2.943e-01 2.077e-03 1.281e-03 6.443e-03 -1.000 1.472e-02 1.723 4.317 3.365 2.296 1.653 1.132 0.372 -0.217 -0.307
0.01471 0.00000 9.84510 1.1339423656 2.4971909523    1.131  1.268  3.6745  2.873    3  0.000  0.429     0.00     0.00 -1 -6.42e-12      0.00 6.910e-01 2.943e-01 2.075e-03 1.282e-03 6.443e-03 -1.000 1.471e-02 1.599 4.239 3.265 2.185 1.536 1.010 0.241 -0.354 -0.445
0.01471 0.00000 9.84510 1.1343798637 2.4972593784    1.132  1.318  3.6721  2.814    3  0.000  0.429     0.00     0.00 -1  -7.7e-12      0.00 6.909e-01 2.943e-01 2.075e-03 1.283e-03 6.443e-03 -1.000 1.471e-02 1.475 4.163 3.164 2.074 1.418 0.887 0.109 -0.493 -0.585
0.01471 0.00000 9.84510 1.1347849369 2.4973227978    1.132  1.369  3.6697  2.754    3  0.000  0.429     0.00     0.00 -1 -9.27e-12      0.00 6.909e-01 2.944e-01 2.075e-03 1.283e-03 6.443e-03 -1.000 1.471e-02 1.348 4.087 3.064 1.962 1.299 0.763 -0.024 -0.634 -0.728
0.01471 0.00000 9.84510 1.1351376772 2.4973781109    1.132  1.416  3.6672  2.697    3  0.000  0.429     0.00     0.00 -1 -1.11e-11      0.00 6.909e-01 2.944e-01 2.074e-03 1.284e-03 6.443e-03 -1.000 1.471e-02 1.229 4.020 2.971 1.858 1.188 0.646 -0.151 -0.768 -0.864
0.01471 0.00000 9.84510 1.1354759932 2.4974310398    1.133  1.466  3.6647  2.637    3  0.000  0.429     0.00     0.00 -1 -1.33e-11      0.00 6.909e-01 2.944e-01 2.074e-03 1.284e-03 6.443e-03 -1.000 1.471e-02 1.105 3.952 2.876 1.750 1.073 0.525 -0.281 -0.907 -1.004
0.01471 0.00000 9.84510 1.1357831955 2.4974789619    1.133  1.513  3.6621  2.579    3  0.000  0.429     0.00     0.00 -1 -1.58e-11      0.00 6.909e-01 2.944e-01 2.074e-03 1.285e-03 6.443e-03 -1.000 1.471e-02 0.987 3.888 2.785 1.648 0.963 0.409 -0.407 -1.040 -1.139
0.01471 0.00000 9.84510 1.1360846758 2.4975259304    1.133  1.558  3.6596  2.525    3  0.000  0.429     0.00     0.00 -1 -1.87e-11      0.00 6.909e-01 2.944e-01 2.073e-03 1.285e-03 6.443e-03 -1.000 1.471e-02 0.875 3.828 2.700 1.551 0.859 0.300 -0.526 -1.166 -1.268
0.01471 0.00000 9.84510 1.1364773512 2.4975872040    1.133  1.602  3.6573  2.472    3  0.000  0.429     0.00     0.00 -1  -2.2e-11      0.00 6.909e-01 2.944e-01 2.073e-03 1.286e-03 6.444e-03 -1.000 1.471e-02 0.766 3.781 2.622 1.459 0.759 0.194 -0.641 -1.289 -1.391
0.01471 0.00000 9.84510 1.1367120743 2.4976239204    1.133  1.572  3.6594  2.510    3  0.000  0.429     0.00     0.00 -1 -1.99e-11      0.00 6.909e-01 2.944e-01 2.073e-03 1.286e-03 6.444e-03 -1.000 1.471e-02 0.840 3.800 2.669 1.518 0.826 0.266 -0.561 -1.202 -1.304
0.01471 0.00000 9.84510 1.1368643045 2.4976475239    1.134  1.533  3.6620  2.560    3  0.000  0.429     0.00     0.00 -1 -1.72e-11      0.00 6.909e-01 2.944e-01 2.073e-03 1.286e-03 6.444e-03 -1.000 1.471e-02 0.938 3.841 2.738 1.600 0.915 0.361 -0.456 -1.089 -1.188
0.01471 0.00000 9.84510 1.1368974447 2.4976527691    1.134  1.524  3.6625  2.570    3  0.000  0.429     0.00     0.00 -1 -1.66e-11      0.00 6.909e-01 2.944e-01 2.072e-03 1.286e-03 6.444e-03 -1.000 1.471e-02 0.959 3.851 2.753 1.617 0.934 0.381 -0.434 -1.065 -1.165
0.01471 0.00000 9.84510 1.1369885206 2.4976670742    1.134  1.542  3.6615  2.548    3  0.000  0.429     0.00     0.00 -1 -1.76e-11      0.00 6.909e-01 2.944e-01 2.072e-03 1.286e-03 6.444e-03 -1.000 1.471e-02 0.914 3.828 2.719 1.579 0.893 0.338 -0.481 -1.116 -1.216
0.01471 0.00000 9.84510 1.1372293234 2.4977045059    1.134  1.590  3.6587  2.489    3  0.000  0.429     0.00     0.00 -1 -2.09e-11      0.00 6.909e-01 2.944e-01 2.072e-03 1.287e-03 6.444e-03 -1.000 1.471e-02 0.795 3.771 2.632 1.477 0.782 0.221 -0.608 -1.252 -1.353
0.01471 0.00000 9.84510 1.1374666691 2.4977414608    1.134  1.638  3.6560  2.431    3  0.000  0.429     0.00     0.00 -1 -2.49e-11      0.00 6.909e-01 2.944e-01 2.072e-03 1.287e-03 6.444e-03 -1.000 1.471e-02 0.675 3.734 2.551 1.378 0.673 0.105 -0.736 -1.387 -1.491
0.01471 0.00000 9.84510 1.1376874447 2.4977757931    1.134  1.685  3.6532  2.372    3  0.000  0.429     0.00     0.00 -1 -2.97e-11      0.00 6.909e-01 2.944e-01 2.072e-03 1.287e-03 6.444e-03 -1.000 1.471e-02 0.557 3.698 2.471 1.280 0.564 -0.011 -0.862 -1.522 -1.627
0.01471 0.00000 9.84510 1.1378866434 2.4978067875    1.134  1.731  3.6504  2.315    3  0.000  0.429     0.00     0.00 -1 -3.53e-11      0.00 6.909e-01 2.944e-01 2.072e-03 1.287e-03 6.444e-03 -1.000 1.471e-02 0.442 3.665 2.395 1.185 0.459 -0.123 -0.986 -1.653 -1.761
0.01471 0.00000 9.84510 1.1380702257 2.4978353977    1.134  1.777  3.6475  2.258    3  0.000  0.429     0.00     0.00 -1 -4.19e-11      0.00 6.909e-01 2.944e-01 2.071e-03 1.288e-03 6.444e-03 -1.000 1.471e-02 0.327 3.637 2.322 1.092 0.356 -0.234 -1.108 -1.785 -1.894
0.01471 0.00000 9.84510 1.1382422447 2.4978621006    1.134  1.824  3.6446  2.199    3  0.000  0.429     0.00     0.00 -1 -4.99e-11      0.00 6.909e-01 2.944e-01 2.071e-03 1.288e-03 6.444e-03 -1.000 1.471e-02 0.211 3.611 2.248 0.999 0.251 -0.347 -1.233 -1.918 -2.029
0.01471 0.00000 9.84510 1.1383951902 2.4978859425    1.134  1.869  3.6418  2.143    3  0.000  0.428     0.00     0.00 -1  -5.9e-11      0.00 6.909e-01 2.944e-01 2.071e-03 1.288e-03 6.444e-03 -1.000 1.471e-02 0.098 3.587 2.178 0.909 0.150 -0.456 -1.353 -2.047 -2.160
0.01471 0.00000 9.84510 1.1385378838 2.4979081154    1.134  1.914  3.6388  2.086    3  0.000  0.428     0.00     0.00 -1    -7e-11      0.00 6.909e-01 2.944e-01 2.071e-03 1.288e-03 6.444e-03 -1.000 1.471e-02 -0.015 3.565 2.109 0.821 0.050 -0.564 -1.474 -2.177 -2.292
0.01471 0.00000 9.84510 1.1386675835 2.4979281425    1.134  1.958  3.6359  2.030    3  0.000  0.428     0.00     0.00 -1 -8.28e-11      0.00 6.909e-01 2.944e-01 2.071e-03 1.288e-03 6.444e-03 -1.000 1.471e-02 -0.126 3.547 2.043 0.735 -0.046 -0.671 -1.593 -2.305 -2.423
0.01471 0.00000 9.84510 1.1387864351 2.4979465008    1.134  2.003  3.6329  1.973    3  0.000  0.428     0.00     0.00 -1 -9.79e-11      0.00 6.909e-01 2.944e-01 2.071e-03 1.289e-03 6.444e-03 -1.000 1.471e-02 -0.237 3.517 1.978 0.649 -0.142 -0.777 -1.711 -2.430 -2.551
0.01471 0.00000 9.84510 1.1388956308 2.4979636669    1.134  2.047  3.6299  1.917    3  0.000  0.428     0.00     0.00 -1 -1.16e-10      0.00 6.909e-01 2.944e-01 2.071e-03 1.289e-03 6.444e-03 -1.000 1.471e-02 -0.348 3.471 1.913 0.560 -0.238 -0.880 -1.828 -2.551 -2.677
0.01471 0.00000 9.84510 1.1389944553 2.4979789257    1.133  2.091  3.6269  1.861    3  0.000  0.428     0.00     0.00 -1 -1.37e-10      0.00 6.909e-01 2.944e-01 2.070e-03 1.289e-03 6.444e-03 -1.000 1.471e-02 -0.457 3.424 1.851 0.476 -0.329 -0.982 -1.942 -2.669 -2.801
0.01471 0.00000 9.84510 1.1390857697 2.4979929924    1.133  2.135  3.6239  1.805    3  0.000  0.428     0.00     0.00 -1 -1.61e-10      0.00 6.909e-01 2.944e-01 2.070e-03 1.289e-03 6.444e-03 -1.000 1.471e-02 -0.567 3.375 1.788 0.392 -0.421 -1.082 -2.057 -2.788 -2.926
0.01471 0.00000 9.84510 1.1391688585 2.4980058670    1.133  2.178  3.6208  1.750    3  0.000  0.428     0.00     0.00 -1  -1.9e-10      0.00 6.909e-01 2.944e-01 2.070e-03 1.289e-03 6.444e-03 -1.000 1.471e-02 -0.674 3.325 1.725 0.308 -0.511 -1.181 -2.169 -2.905 -3.048
0.01471 0.00000 9.84510 1.1392452717 2.4980177879    1.133  2.220  3.6177  1.695    3  0.000  0.428     0.00     0.00 -1 -2.23e-10      0.00 6.909e-01 2.944e-01 2.070e-03 1.289e-03 6.444e-03 -1.000 1.471e-02 -0.781 3.273 1.663 0.228 -0.597 -1.279 -2.281 -3.021 -3.170
0.01471 0.00000 9.84510 1.1393167973 2.4980289936    1.132  2.263  3.6146  1.639    3  0.000  0.428     0.00     0.00 -1 -2.63e-10      0.00 6.909e-01 2.944e-01 2.070e-03 1.289e-03 6.444e-03 -1.000 1.470e-02 -0.888 3.220 1.601 0.148 -0.685 -1.376 -2.393 -3.138 -3.294
0.01471 0.00000 9.84510 1.1393804550 2.4980387688    1.132  2.305  3.6116  1.585    3  0.000  0.428     0.00     0.00 -1 -3.08e-10      0.00 6.909e-01 2.944e-01 2.070e-03 1.289e-03 6.444e-03 -1.000 1.470e-02 -0.992 3.170 1.541 0.071 -0.768 -1.470 -2.501 -3.251 -3.413
0.01471 0.00000 9.84510 1.1394413710 2.4980483055    1.132  2.347  3.6084  1.530    3  0.000  0.428     0.00     0.00 -1 -3.62e-10      0.00 6.909e-01 2.944e-01 2.070e-03 1.289e-03 6.444e-03 -1.000 1.470e-02 -1.098 3.118 1.481 -0.006 -0.853 -1.565 -2.612 -3.367 -3.537
0.01471 0.00000 9.84510 1.1394952536 2.4980566502    1.131  2.388  3.6053  1.477    3  0.000  0.428     0.00     0.00 -1 -4.23e-10      0.00 6.909e-01 2.944e-01 2.070e-03 1.290e-03 6.444e-03 -1.000 1.470e-02 -1.200 3.088 1.429 -0.074 -0.931 -1.657 -2.720 -3.482 -3.657
0.01471 0.00000 9.84510 1.1395452023 2.4980642796    1.131  2.429  3.6021  1.423    3  0.000  0.428     0.00     0.00 -1 -4.95e-10      0.00 6.908e-01 2.944e-01 2.070e-03 1.290e-03 6.444e-03 -1.000 1.470e-02 -1.301 3.088 1.383 -0.138 -1.008 -1.750 -2.828 -3.599 -3.779
0.01471 0.00000 9.84510 1.1395925283 2.4980716705    1.130  2.470  3.5989  1.369    3  0.000  0.428     0.00     0.00 -1  -5.8e-10      0.00 6.908e-01 2.944e-01 2.070e-03 1.290e-03 6.444e-03 -1.000 1.470e-02 -1.405 3.088 1.338 -0.200 -1.085 -1.845 -2.939 -3.718 -3.903
0.01471 0.00000 9.84510 1.1396347284 2.4980781078    1.130  2.510  3.5957  1.316    3  0.000  0.428     0.00     0.00 -1 -6.76e-10      0.00 6.908e-01 2.944e-01 2.070e-03 1.290e-03 6.444e-03 -1.000 1.470e-02 -1.504 3.084 1.298 -0.254 -1.153 -1.935 -3.046 -3.833 -4.023
0.01471 0.00000 9.84510 1.1396740675 2.4980843067    1.129  2.549  3.5925  1.263    3  0.000  0.428     0.00     0.00 -1 -7.88e-10      0.00 6.908e-01 2.944e-01 2.070e-03 1.290e-03 6.444e-03 -1.000 1.470e-02 -1.603 3.084 1.260 -0.308 -1.222 -2.025 -3.153 -3.949 -4.144
0.01471 0.00000 9.84510 1.1397106647 2.4980900288    1.128  2.589  3.5892  1.210    3  0.000  0.428     0.00     0.00 -1  -9.2e-10      0.00 6.908e-01 2.944e-01 2.070e-03 1.290e-03 6.444e-03 -1.000 1.470e-02 -1.702 3.083 1.223 -0.359 -1.288 -2.114 -3.260 -4.065 -4.265
0.01471 0.00000 9.84510 1.1397432089 2.4980950356    1.128  2.626  3.5861  1.160    3  0.000  0.428     0.00     0.00 -1 -1.06e-09      0.00 6.908e-01 2.944e-01 2.070e-03 1.290e-03 6.444e-03 -1.000 1.470e-02 -1.796 3.080 1.193 -0.401 -1.345 -2.198 -3.362 -4.174 -4.379
0.01471 0.00000 9.84510 1.1397740841 2.4980998039    1.127  2.665  3.5827  1.108    3  0.000  0.428     0.00     0.00 -1 -1.24e-09      0.00 6.908e-01 2.945e-01 2.070e-03 1.290e-03 6.444e-03 -1.000 1.470e-02 -1.891 3.080 1.165 -0.441 -1.402 -2.282 -3.465 -4.286 -4.496
0.01471 0.00000 9.84510 1.1398032904 2.4981043339    1.126  2.703  3.5794  1.056    3  0.000  0.428     0.00     0.00 -1 -1.44e-09      0.00 6.908e-01 2.945e-01 2.070e-03 1.290e-03 6.444e-03 -1.000 1.470e-02 -1.987 3.080 1.139 -0.479 -1.456 -2.367 -3.568 -4.399 -4.614
0.01471 0.00000 9.84510 1.1398292780 2.4981083870    1.125  2.739  3.5761  1.007    3  0.000  0.428     0.00     0.00 -1 -1.65e-09      0.00 6.908e-01 2.945e-01 2.070e-03 1.290e-03 6.444e-03 -1.000 1.470e-02 -2.077 3.075 1.122 -0.501 -1.497 -2.445 -3.667 -4.505 -4.725
0.01471 0.00000 9.84510 1.1398596764 2.4981131554    1.124  2.784  3.5720  0.945    3  0.000  0.428     0.00     0.00 -1 -1.97e-09      0.00 6.908e-01 2.945e-01 2.070e-03 1.290e-03 6.444e-03 -1.000 1.470e-02 -2.190 3.076 1.106 -0.526 -1.547 -2.541 -3.791 -4.639 -4.866
0.01471 0.00000 9.84510 1.1398875713 2.4981174469    1.123  2.828  3.5678  0.883    3  0.000  0.428     0.00     0.00 -1 -2.35e-09      0.00 6.908e-01 2.945e-01 2.070e-03 1.290e-03 6.444e-03 -1.000 1.470e-02 -2.301 3.078 1.102 -0.534 -1.584 -2.633 -3.915 -4.771 -5.005
0.01471 0.00000 9.84510 1.1399128437 2.4981212616    1.121  2.872  3.5635  0.822    3  0.000  0.428     0.00     0.00 -1  -2.8e-09      0.00 6.908e-01 2.945e-01 2.070e-03 1.290e-03 6.444e-03 -1.000 1.470e-02 -2.409 3.078 1.106 -0.529 -1.610 -2.720 -4.036 -4.901 -5.141
0.01471 0.00000 9.84510 1.1399364471 2.4981248379    1.120  2.915  3.5593  0.761    3  0.000  0.428     0.00     0.00 -1 -3.32e-09      0.00 6.908e-01 2.945e-01 2.070e-03 1.290e-03 6.444e-03 -1.000 1.470e-02 -2.517 3.079 1.115 -0.518 -1.633 -2.805 -4.156 -5.029 -5.277
0.01471 0.00000 9.84510 1.1399581432 2.4981284142    1.118  2.957  3.5550  0.701    3  0.000  0.428     0.00     0.00 -1 -3.94e-09      0.00 6.908e-01 2.945e-01 2.070e-03 1.290e-03 6.444e-03 -1.000 1.470e-02 -2.622 3.077 1.143 -0.482 -1.638 -2.882 -4.274 -5.156 -5.410
0.01471 0.00000 9.84510 1.1399776936 2.4981312752    1.116  2.997  3.5508  0.643    3  0.000  0.428     0.00     0.00 -1 -4.64e-09      0.00 6.908e-01 2.945e-01 2.070e-03 1.290e-03 6.444e-03 -1.000 1.470e-02 -2.723 3.078 1.172 -0.444 -1.641 -2.954 -4.387 -5.278 -5.539
0.01471 0.00000 9.84510 1.1399962902 2.4981341362    1.114  3.038  3.5465  0.585    3  0.000  0.428     0.00     0.00 -1 -5.47e-09      0.00 6.908e-01 2.945e-01 2.070e-03 1.290e-03 6.444e-03 -1.000 1.470e-02 -2.824 3.077 1.222 -0.379 -1.627 -3.015 -4.503 -5.400 -5.669
0.01471 0.00000 9.84510 1.1400132179 2.4981367588    1.112  3.077  3.5422  0.528    3  0.000  0.428     0.00     0.00 -1 -6.43e-09      0.00 6.908e-01 2.945e-01 2.069e-03 1.290e-03 6.444e-03 -1.000 1.470e-02 -2.922 3.077 1.277 -0.306 -1.607 -3.072 -4.614 -5.519 -5.795
0.01471 0.00000 9.84510 1.1400289536 2.4981391430    1.109  3.115  3.5379  0.471    3  0.000  0.428     0.00     0.00 -1 -7.53e-09      0.00 6.908e-01 2.945e-01 2.069e-03 1.290e-03 6.444e-03 -1.000 1.470e-02 -3.018 3.078 1.347 -0.216 -1.577 -3.118 -4.724 -5.635 -5.919
0.01471 0.00000 9.84510 1.1400434971 2.4981415272    1.106  3.153  3.5336  0.415    3  0.000  0.428     0.00     0.00 -1 -8.81e-09      0.00 6.908e-01 2.945e-01 2.069e-03 1.290e-03 6.444e-03 -1.000 1.470e-02 -3.113 3.081 1.436 -0.103 -1.534 -3.154 -4.834 -5.750 -6.042
0.01471 0.00000 9.84510 1.1400570869 2.4981436729    1.104  3.190  3.5293  0.360    3  0.000  0.428     0.00     0.00 -1 -1.03e-08      0.00 6.908e-01 2.945e-01 2.069e-03 1.290e-03 6.444e-03 -1.000 1.470e-02 -3.206 3.084 1.531 0.017 -1.487 -3.183 -4.942 -5.863 -6.163
0.01471 0.00000 9.84510 1.1400697231 2.4981455803    1.100  3.226  3.5250  0.305    3  0.000  0.428     0.00     0.00 -1  -1.2e-08      0.00 6.908e-01 2.945e-01 2.069e-03 1.290e-03 6.444e-03 -1.000 1.470e-02 -3.295 3.088 1.653 0.169 -1.420 -3.186 -5.047 -5.972 -6.281
0.01471 0.00000 9.84510 1.1400815248 2.4981474876    1.097  3.261  3.5207  0.252    3  0.000  0.428     0.00     0.00 -1 -1.39e-08      0.00 6.908e-01 2.945e-01 2.069e-03 1.290e-03 6.444e-03 -1.000 1.470e-02 -3.384 3.095 1.780 0.326 -1.351 -3.186 -5.150 -6.079 -6.397
0.01471 0.00000 9.84510 1.1400924921 2.4981491566    1.093  3.296  3.5164  0.199    3  0.000  0.428     0.00     0.00 -1 -1.62e-08      0.00 6.908e-01 2.945e-01 2.069e-03 1.290e-03 6.444e-03 -1.000 1.470e-02 -3.469 3.102 1.934 0.524 -1.255 -3.154 -5.250 -6.184 -6.511
0.01471 0.00000 9.84510 1.1401028633 2.4981505871    1.089  3.329  3.5122  0.147    3  0.000  0.428     0.00     0.00 -1 -1.87e-08      0.00 6.908e-01 2.945e-01 2.069e-03 1.290e-03 6.444e-03 -1.000 1.470e-02 -3.553 3.111 2.095 0.732 -1.152 -3.113 -5.347 -6.285 -6.622
0.01471 0.00000 9.84510 1.1401126385 2.4981522560    1.085  3.362  3.5080  0.095    3  0.000  0.428     0.00     0.00 -1 -2.16e-08      0.00 6.908e-01 2.945e-01 2.069e-03 1.290e-03 6.444e-03 -1.000 1.470e-02 -3.635 3.115 2.238 0.918 -1.061 -3.075 -5.442 -6.385 -6.729
0.01471 0.00000 9.84510 1.1401247978 2.4981541634    1.079  3.400  3.5030  0.034    3  0.000  0.428     0.00     0.00 -1 -2.58e-08      0.00 6.908e-01 2.945e-01 2.069e-03 1.290e-03 6.444e-03 -1.000 1.470e-02 -3.731 3.119 2.402 1.128 -0.956 -3.023 -5.554 -6.502 -6.856
0.01471 0.00000 9.84510 1.1401247978 2.4981541634    1.078  1.705  3.6694  2.395    4  0.000  0.444     0.00     0.00 -1    -1e-30      0.00 6.924e-01 2.929e-01 2.142e-03 1.195e-03 6.433e-03 -1.000 1.471e-02 0.508 3.264 2.232 1.114 0.459 -0.078 -0.868 -1.473 -1.569
0.01471 0.00000 9.84510 1.1402578354 2.4981746674    1.078  1.714  3.6686  2.383    4  0.000  0.444     0.00     0.00 -1    -1e-30      0.00 6.924e-01 2.929e-01 2.142e-03 1.196e-03 6.433e-03 -1.000 1.471e-02 0.484 3.260 2.218 1.096 0.437 -0.101 -0.894 -1.501 -1.597
0.01471 0.00000 9.84510 1.1403944492 2.4981958866    1.079  1.719  3.6684  2.378    4  0.000  0.444     0.00     0.00 -1    -1e-30      0.00 6.924e-01 2.929e-01 2.142e-03 1.196e-03 6.434e-03 -1.000 1.471e-02 0.474 3.256 2.211 1.086 0.427 -0.111 -0.905 -1.513 -1.609
0.01471 0.00000 9.84510 1.1405322552 2.4982171059    1.079  1.718  3.6686  2.379    4  0.000  0.444     0.00     0.00 -1    -1e-30      0.00 6.924e-01 2.929e-01 2.142e-03 1.196e-03 6.434e-03 -1.000 1.471e-02 0.474 3.251 2.209 1.085 0.427 -0.111 -0.904 -1.511 -1.607
0.01471 0.00000 9.84510 1.1406741142 2.4982390404    1.079  1.716  3.6691  2.383    4  0.000  0.444     0.00     0.00 -1    -1e-30      0.00 6.924e-01 2.929e-01 2.142e-03 1.196e-03 6.434e-03 -1.000 1.471e-02 0.479 3.245 2.208 1.087 0.431 -0.106 -0.898 -1.504 -1.599
0.01471 0.00000 9.84510 1.1408154964 2.4982609749    1.079  1.714  3.6695  2.387    4  0.000  0.444     0.00     0.00 -1    -1e-30      0.00 6.924e-01 2.929e-01 2.142e-03 1.196e-03 6.434e-03 -1.000 1.471e-02 0.485 3.239 2.209 1.090 0.435 -0.101 -0.890 -1.495 -1.590
0.01471 0.00000 9.84510 1.1409548521 2.4982824326    1.079  1.712  3.6700  2.392    4  0.000  0.444     0.00     0.00 -1    -1e-30      0.00 6.924e-01 2.929e-01 2.141e-03 1.197e-03 6.434e-03 -1.000 1.471e-02 0.491 3.233 2.209 1.093 0.440 -0.095 -0.883 -1.486 -1.581
0.01471 0.00000 9.84510 1.1410937309 2.4983038902    1.079  1.709  3.6705  2.396    4  0.000  0.444     0.00     0.00 -1    -1e-30      0.00 6.924e-01 2.929e-01 2.141e-03 1.197e-03 6.434e-03 -1.000 1.471e-02 0.497 3.228 2.210 1.097 0.445 -0.089 -0.875 -1.477 -1.572
0.01471 0.00000 9.84510 1.1412369013 2.4983260632    1.080  1.707  3.6709  2.400    4  0.000  0.444     0.00     0.00 -1    -1e-30      0.00 6.924e-01 2.929e-01 2.141e-03 1.197e-03 6.434e-03 -1.000 1.471e-02 0.503 3.224 2.211 1.100 0.449 -0.083 -0.868 -1.469 -1.563
0.01471 0.00000 9.84510 1.1413692236 2.4983465672    1.080  1.705  3.6713  2.404    4  0.000  0.444     0.00     0.00 -1    -1e-30      0.00 6.924e-01 2.929e-01 2.141e-03 1.197e-03 6.434e-03 -1.000 1.471e-02 0.508 3.219 2.211 1.102 0.453 -0.079 -0.862 -1.461 -1.555
0.01471 0.00000 9.84510 1.1415033340 2.4983673096    1.080  1.703  3.6717  2.407    4  0.000  0.444     0.00     0.00 -1    -1e-30      0.00 6.924e-01 2.929e-01 2.141e-03 1.198e-03 6.434e-03 -1.000 1.471e-02 0.512 3.215 2.212 1.105 0.456 -0.075 -0.857 -1.455 -1.549
0.01471 0.00000 9.84510 1.1416379213 2.4983880520    1.080  1.702  3.6720  2.410    4  0.000  0.444     0.00     0.00 -1    -1e-30      0.00 6.924e-01 2.929e-01 2.141e-03 1.198e-03 6.434e-03 -1.000 1.471e-02 0.516 3.211 2.212 1.106 0.459 -0.071 -0.852 -1.449 -1.543
0.01471 0.00000 9.84510 1.1417714357 2.4984085560    1.080  1.700  3.6723  2.412    4  0.000  0.444     0.00     0.00 -1    -1e-30      0.00 6.924e-01 2.929e-01 2.141e-03 1.198e-03 6.434e-03 -1.000 1.471e-02 0.519 3.207 2.212 1.108 0.462 -0.068 -0.848 -1.444 -1.538
0.01471 0.00000 9.84510 1.1419041157 2.4984290600    1.080  1.699  3.6726  2.415    4  0.000  0.444     0.00     0.00 -1    -1e-30      0.00 6.924e-01 2.929e-01 2.140e-03 1.198e-03 6.434e-03 -1.000 1.471e-02 0.522 3.203 2.211 1.109 0.464 -0.066 -0.844 -1.440 -1.533
0.01471 0.00000 9.84510 1.1420452595 2.4984507561    1.081  1.698  3.6728  2.417    4  0.000  0.443     0.00     0.00 -1    -1e-30      0.00 6.924e-01 2.929e-01 2.140e-03 1.198e-03 6.434e-03 -1.000 1.471e-02 0.524 3.199 2.211 1.110 0.465 -0.063 -0.841 -1.436 -1.529
0.01471 0.00000 9.84510 1.1420778036 2.4984557629    1.081  1.698  3.6729  2.417    4  0.000  0.443     0.00     0.00 -1    -1e-30      0.00 6.924e-01 2.929e-01 2.140e-03 1.198e-03 6.434e-03 -1.000 1.471e-02 0.525 3.198 2.210 1.110 0.466 -0.063 -0.840 -1.435 -1.528
0.01471 0.00000 9.84510 1.1422171593 2.4984774590    1.081  1.697  3.6731  2.419    4  0.000  0.443     0.00     0.00 -1    -1e-30      0.00 6.924e-01 2.929e-01 2.140e-03 1.199e-03 6.434e-03 -1.000 1.471e-02 0.526 3.195 2.210 1.110 0.467 -0.061 -0.838 -1.432 -1.525
0.01471 0.00000 9.84510 1.1423504353 2.4984979630    1.081  1.697  3.6733  2.420    4  0.000  0.443     0.00     0.00 -1    -1e-30      0.00 6.924e-01 2.929e-01 2.140e-03 1.199e-03 6.434e-03 -1.000 1.471e-02 0.528 3.191 2.209 1.110 0.467 -0.060 -0.836 -1.429 -1.522
0.01471 0.00000 9.84510 1.1424829960 2.4985182285    1.081  1.697  3.6735  2.421    4  0.000  0.443     0.00     0.00 -1    -1e-30      0.00 6.923e-01 2.929e-01 2.140e-03 1.199e-03 6.434e-03 -1.000 1.471e-02 0.528 3.188 2.207 1.110 0.467 -0.060 -0.835 -1.428 -1.521
0.01471 0.00000 9.84510 1.1426224709 2.4985399246    1.081  1.697  3.6736  2.421    4  0.000  0.443     0.00     0.00 -1    -1e-30      0.00 6.923e-01 2.929e-01 2.139e-03 1.199e-03 6.434e-03 -1.000 1.471e-02 0.528 3.185 2.206 1.109 0.467 -0.060 -0.835 -1.428 -1.520
0.01471 0.00000 9.84510 1.1427545547 2.4985601902    1.081  1.697  3.6737  2.421    4  0.000  0.443     0.00     0.00 -1    -1e-30      0.00 6.923e-01 2.929e-01 2.139e-03 1.200e-03 6.434e-03 -1.000 1.471e-02 0.527 3.183 2.204 1.107 0.466 -0.061 -0.836 -1.428 -1.521
0.01471 0.00000 9.84510 1.1428974867 2.4985821247    1.082  1.698  3.6737  2.421    4  0.000  0.443     0.00     0.00 -1    -1e-30      0.00 6.923e-01 2.929e-01 2.139e-03 1.200e-03 6.434e-03 -1.000 1.471e-02 0.525 3.180 2.202 1.105 0.464 -0.063 -0.837 -1.430 -1.522
0.01471 0.00000 9.84510 1.1430336237 2.4986031055    1.082  1.699  3.6737  2.420    4  0.000  0.443     0.00     0.00 -1    -1e-30      0.00 6.923e-01 2.930e-01 2.139e-03 1.200e-03 6.434e-03 -1.000 1.471e-02 0.522 3.178 2.199 1.102 0.461 -0.066 -0.840 -1.433 -1.525
0.01471 0.00000 9.84510 1.1430423260 2.4986045361    1.082  1.699  3.6737  2.420    4  0.000  0.443     0.00     0.00 -1    -1e-30      0.00 6.923e-01 2.930e-01 2.139e-03 1.200e-03 6.434e-03 -1.000 1.471e-02 0.522 3.178 2.199 1.102 0.461 -0.066 -0.841 -1.433 -1.526
0.01471 0.00000 9.84510 1.1431190968 2.4986162186    1.082  1.700  3.6737  2.419    4  0.000  0.443     0.00     0.00 -1    -1e-30      0.00 6.923e-01 2.930e-01 2.139e-03 1.200e-03 6.434e-03 -1.000 1.471e-02 0.520 3.176 2.197 1.100 0.458 -0.069 -0.843 -1.435 -1.528
0.01471 0.00000 9.84510 1.1432552338 2.4986371994    1.082  1.702  3.6736  2.416    4  0.000  0.443     0.00     0.00 -1    -1e-30      0.00 6.923e-01 2.930e-01 2.139e-03 1.200e-03 6.435e-03 -1.000 1.471e-02 0.515 3.174 2.194 1.096 0.454 -0.073 -0.848 -1.441 -1.533
0.01471 0.00000 9.84510 1.1433877945 2.4986577034    1.082  1.704  3.6734  2.414    4  0.000  0.443     0.00     0.00 -1    -1e-30      0.00 6.923e-01 2.930e-01 2.139e-03 1.201e-03 6.435e-03 -1.000 1.471e-02 0.509 3.173 2.190 1.091 0.449 -0.079 -0.854 -1.447 -1.540
0.01471 0.00000 9.84510 1.1435205936 2.4986779690    1.082  1.707  3.6732  2.410    4  0.000  0.443     0.00     0.00 -1    -1e-30      0.00 6.923e-01 2.930e-01 2.138e-03 1.201e-03 6.435e-03 -1.000 1.471e-02 0.502 3.171 2.185 1.085 0.442 -0.086 -0.862 -1.456 -1.549
0.01471 0.00000 9.84510 1.1436558962 2.4986989498    1.082  1.711  3.6729  2.405    4  0.000  0.443     0.00     0.00 -1    -1e-30      0.00 6.923e-01 2.930e-01 2.138e-03 1.201e-03 6.435e-03 -1.000 1.471e-02 0.492 3.169 2.179 1.077 0.433 -0.096 -0.873 -1.468 -1.561
0.01471 0.00000 9.84510 1.1437914371 2.4987196922    1.083  1.716  3.6725  2.399    4  0.000  0.443     0.00     0.00 -1    -1e-30      0.00 6.923e-01 2.930e-01 2.138e-03 1.201e-03 6.435e-03 -1.000 1.471e-02 0.480 3.168 2.172 1.068 0.422 -0.107 -0.886 -1.482 -1.575
0.01471 0.00000 9.84510 1.1439254284 2.4987401962    1.083  1.721  3.6720  2.391    4  0.000  0.443     0.00     0.00 -1    -1e-30      0.00 6.923e-01 2.930e-01 2.138e-03 1.201e-03 6.435e-03 -1.000 1.471e-02 0.467 3.167 2.165 1.057 0.410 -0.120 -0.901 -1.498 -1.591
0.01471 0.00000 9.84510 1.1440600157 2.4987609386    1.083  1.727  3.6715  2.383    4  0.000  0.443     0.00     0.00 -1    -1e-30      0.00 6.923e-01 2.930e-01 2.138e-03 1.202e-03 6.435e-03 -1.000 1.471e-02 0.452 3.165 2.156 1.045 0.397 -0.135 -0.917 -1.516 -1.610
0.01471 0.00000 9.84510 1.1441929340 2.4987814426    1.083  1.734  3.6708  2.373    4  0.000  0.443     0.00     0.00 -1    -1e-30      0.00 6.923e-01 2.930e-01 2.138e-03 1.202e-03 6.435e-03 -1.000 1.471e-02 0.434 3.164 2.145 1.031 0.380 -0.153 -0.938 -1.538 -1.633
0.01471 0.00000 9.84510 1.1443349123 2.4988031387    1.083  1.743  3.6700  2.362    4  0.000  0.443     0.00     0.00 -1    -1e-30      0.00 6.923e-01 2.930e-01 2.137e-03 1.202e-03 6.435e-03 -1.000 1.471e-02 0.413 3.164 2.134 1.015 0.362 -0.173 -0.961 -1.564 -1.659
0.01471 0.00000 9.84510 1.1444677114 2.4988236427    1.083  1.742  3.6702  2.363    4  0.000  0.443     0.00     0.00 -1    -1e-30      0.00 6.923e-01 2.930e-01 2.137e-03 1.202e-03 6.435e-03 -1.000 1.472e-02 0.415 3.161 2.134 1.016 0.363 -0.172 -0.959 -1.561 -1.656
0.01471 0.00000 9.84510 1.1446020603 2.4988441467    1.084  1.767  3.6678  2.329    4  0.000  0.443     0.00     0.00 -1    -1e-30      0.00 6.923e-01 2.930e-01 2.137e-03 1.203e-03 6.435e-03 -1.000 1.472e-02 0.352 3.161 2.101 0.969 0.307 -0.232 -1.029 -1.638 -1.734
0.01471 0.00000 9.84510 1.1447273493 2.4988634586    1.084  1.806  3.6642  2.276    4  0.000  0.443     0.00     0.00 -1    -1e-30      0.00 6.923e-01 2.930e-01 2.137e-03 1.203e-03 6.435e-03 -1.000 1.472e-02 0.254 3.158 2.047 0.894 0.220 -0.328 -1.138 -1.758 -1.856
0.01471 0.00000 9.84510 1.1447886229 2.4988727570    1.084  1.845  3.6607  2.223    4  0.000  0.443     0.00     0.00 -1    -1e-30      0.00 6.923e-01 2.930e-01 2.137e-03 1.203e-03 6.435e-03 -1.000 1.472e-02 0.158 3.156 1.995 0.821 0.135 -0.421 -1.245 -1.875 -1.975
0.01471 0.00000 9.84510 1.1448228359 2.4988780022    1.084  1.887  3.6569  2.166    4  0.000  0.443     0.00     0.00 -1    -1e-30      0.00 6.923e-01 2.930e-01 2.137e-03 1.203e-03 6.435e-03 -1.000 1.472e-02 0.053 3.156 1.940 0.742 0.043 -0.522 -1.361 -2.002 -2.105
0.01471 0.00000 9.84510 1.1448391676 2.4988806248    1.084  1.925  3.6535  2.114    4  0.000  0.443     0.00     0.00 -1    -1e-30      0.00 6.923e-01 2.930e-01 2.137e-03 1.203e-03 6.435e-03 -1.000 1.472e-02 -0.044 3.157 1.889 0.671 -0.042 -0.615 -1.467 -2.119 -2.224
0.01471 0.00000 9.84510 1.1448475122 2.4988818169    1.084  1.963  3.6502  2.063    4  0.000  0.443     0.00     0.00 -1    -1e-30      0.00 6.923e-01 2.930e-01 2.137e-03 1.203e-03 6.435e-03 -1.000 1.472e-02 -0.137 3.159 1.841 0.602 -0.123 -0.704 -1.570 -2.232 -2.339
0.01471 0.00000 9.84510 1.1448523998 2.4988825321    1.084  2.000  3.6469  2.012    4  0.000  0.443     0.00     0.00 -1    -1e-30      0.00 6.923e-01 2.930e-01 2.137e-03 1.203e-03 6.435e-03 -1.000 1.472e-02 -0.231 3.163 1.794 0.535 -0.203 -0.793 -1.672 -2.345 -2.455
0.01471 0.00000 9.84510 1.1448557377 2.4988830090    1.084  2.039  3.6435  1.960    4  0.000  0.443     0.00     0.00 -1    -1e-30      0.00 6.923e-01 2.930e-01 2.137e-03 1.203e-03 6.435e-03 -1.000 1.472e-02 -0.327 3.150 1.747 0.463 -0.286 -0.884 -1.777 -2.456 -2.570
0.01471 0.00000 9.84510 1.1448574066 2.4988832474    1.084  2.065  3.6413  1.925    7  0.000  0.443     0.00     0.00 -1    -1e-30      0.00 6.923e-01 2.930e-01 2.137e-03 1.203e-03 6.435e-03 -1.000 1.472e-02 -0.394 3.135 1.714 0.413 -0.342 -0.946 -1.848 -2.531 -2.649
0.01471 0.00000 9.84510 1.1448581219 2.4988834858    1.084  2.077  3.6402  1.908    7  0.000  0.443     0.00     0.00 -1    -1e-30      0.00 6.923e-01 2.930e-01 2.137e-03 1.203e-03 6.435e-03 -1.000 1.472e-02 -0.424 3.128 1.698 0.390 -0.368 -0.974 -1.881 -2.565 -2.684
0.01471 0.00000 9.84510 1.1448602676 2.4988837242    1.084  2.118  3.6368  1.854    7  0.000  0.443     0.00     0.00 -1    -1e-30      0.00 6.923e-01 2.930e-01 2.137e-03 1.203e-03 6.435e-03 -1.000 1.472e-02 -0.525 3.104 1.648 0.315 -0.452 -1.068 -1.989 -2.680 -2.804
0.01471 0.00000 9.84510 1.1448621750 2.4988839626    1.084  2.150  3.6341  1.811    7  0.000  0.443     0.00     0.00 -1    -1e-30      0.00 6.923e-01 2.930e-01 2.137e-03 1.203e-03 6.435e-03 -1.000 1.472e-02 -0.605 3.083 1.608 0.256 -0.519 -1.142 -2.074 -2.770 -2.898
0.01471 0.00000 9.84510 1.1448640823 2.4988844395    1.084  2.171  3.6323  1.783    7  0.000  0.443     0.00     0.00 -1    -1e-30      0.00 6.923e-01 2.930e-01 2.137e-03 1.203e-03 6.435e-03 -1.000 1.472e-02 -0.658 3.068 1.581 0.216 -0.563 -1.191 -2.131 -2.829 -2.961
0.01471 0.00000 9.84510 1.1448661089 2.4988846779    1.084  2.187  3.6310  1.762    7  0.000  0.443     0.00     0.00 -1    -1e-30      0.00 6.923e-01 2.930e-01 2.137e-03 1.203e-03 6.435e-03 -1.000 1.472e-02 -0.698 3.056 1.560 0.186 -0.596 -1.227 -2.173 -2.874 -3.007
0.01471 0.00000 9.84510 1.1448717117 2.4988856316    1.084  2.164  3.6330  1.793    7  0.000  0.443     0.00     0.00 -1 -1.62e-30      0.00 6.923e-01 2.930e-01 2.137e-03 1.203e-03 6.435e-03 -1.000 1.473e-02 -0.641 3.071 1.589 0.229 -0.549 -1.175 -2.112 -2.809 -2.940
0.01471 0.00000 9.84510 1.1448755264 2.4988861084    1.084  2.148  3.6343  1.814    7  0.000  0.443     0.00     0.00 -1 -5.39e-29      0.00 6.923e-01 2.929e-01 2.137e-03 1.203e-03 6.435e-03 -1.000 1.480e-02 -0.600 3.083 1.610 0.260 -0.514 -1.137 -2.068 -2.763 -2.891
0.01471 0.00000 9.84510 1.1448841095 2.4988875389    1.084  2.125  3.6362  1.844    7  0.000  0.443     0.00     0.00 -1 -1.71e-26      0.00 6.923e-01 2.928e-01 2.137e-03 1.203e-03 6.435e-03 -1.000 1.492e-02 -0.543 3.099 1.639 0.302 -0.467 -1.085 -2.008 -2.700 -2.825
0.01471 0.00000 9.84510 1.1449019909 2.4988901615    1.084  2.121  3.6365  1.850    7  0.000  0.443     0.00     0.00 -1 -3.43e-23      0.00 6.923e-01 2.926e-01 2.137e-03 1.203e-03 6.435e-03 -1.000 1.509e-02 -0.533 3.102 1.644 0.309 -0.459 -1.075 -1.998 -2.689 -2.814
0.01471 0.00000 9.84510 1.1449973583 2.4989047050    1.083  2.138  3.6350  1.826    7  0.000  0.443     0.00     0.00 -1  -2.5e-10      0.00 6.923e-01 2.920e-01 2.137e-03 1.203e-03 6.435e-03 -1.000 1.575e-02 -0.576 3.092 1.624 0.278 -0.494 -1.115 -2.043 -2.737 -2.864
0.01471 0.00000 9.84510 1.1450595856 2.4989142418    1.082  2.181  3.6314  1.769    7  0.000  0.443     0.00     0.00 -1 -6.79e-10      0.00 6.923e-01 2.920e-01 2.137e-03 1.203e-03 6.435e-03 -1.000 1.576e-02 -0.683 3.063 1.569 0.198 -0.583 -1.213 -2.157 -2.858 -2.991
0.01471 0.00000 9.84510 1.1451122761 2.4989223480    1.082  2.226  3.6275  1.708    7  0.000  0.443     0.00     0.00 -1 -8.55e-10      0.00 6.923e-01 2.920e-01 2.137e-03 1.203e-03 6.435e-03 -1.000 1.576e-02 -0.796 3.028 1.511 0.116 -0.675 -1.316 -2.277 -2.984 -3.124
0.01471 0.00000 9.84510 1.1451572180 2.4989292622    1.081  2.271  3.6237  1.648    7  0.000  0.443     0.00     0.00 -1 -1.07e-09      0.00 6.923e-01 2.920e-01 2.136e-03 1.203e-03 6.435e-03 -1.000 1.576e-02 -0.906 2.991 1.455 0.037 -0.763 -1.416 -2.394 -3.108 -3.254
0.01471 0.00000 9.84510 1.1451948881 2.4989349842    1.080  2.314  3.6200  1.590    7  0.000  0.443     0.00     0.00 -1 -1.33e-09      0.00 6.923e-01 2.920e-01 2.136e-03 1.203e-03 6.435e-03 -1.000 1.576e-02 -1.014 2.954 1.398 -0.042 -0.850 -1.513 -2.508 -3.228 -3.382
0.01471 0.00000 9.84510 1.1452265978 2.4989399910    1.079  2.355  3.6165  1.534    7  0.000  0.443     0.00     0.00 -1 -1.64e-09      0.00 6.923e-01 2.920e-01 2.136e-03 1.204e-03 6.435e-03 -1.000 1.576e-02 -1.118 2.916 1.345 -0.114 -0.930 -1.606 -2.618 -3.344 -3.505
0.01471 0.00000 9.84510 1.1452543736 2.4989442825    1.078  2.397  3.6129  1.478    7  0.000  0.443     0.00     0.00 -1 -2.02e-09      0.00 6.923e-01 2.920e-01 2.136e-03 1.204e-03 6.435e-03 -1.000 1.576e-02 -1.221 2.897 1.295 -0.183 -1.010 -1.699 -2.727 -3.462 -3.629
0.01471 0.00000 9.84510 1.1452788115 2.4989478588    1.077  2.438  3.6094  1.422    7  0.000  0.443     0.00     0.00 -1 -2.48e-09      0.00 6.923e-01 2.920e-01 2.136e-03 1.204e-03 6.435e-03 -1.000 1.576e-02 -1.324 2.909 1.253 -0.247 -1.089 -1.793 -2.838 -3.583 -3.755
0.01471 0.00000 9.84510 1.1453007460 2.4989511967    1.075  2.479  3.6058  1.366    7  0.000  0.443     0.00     0.00 -1 -3.06e-09      0.00 6.923e-01 2.920e-01 2.136e-03 1.204e-03 6.435e-03 -1.000 1.576e-02 -1.427 2.918 1.213 -0.306 -1.164 -1.886 -2.949 -3.704 -3.881
0.01471 0.00000 9.84510 1.1453208923 2.4989542961    1.074  2.520  3.6022  1.310    7  0.000  0.443     0.00     0.00 -1 -3.73e-09      0.00 6.923e-01 2.920e-01 2.136e-03 1.204e-03 6.435e-03 -1.000 1.576e-02 -1.530 2.930 1.173 -0.366 -1.239 -1.980 -3.060 -3.825 -4.008
0.01471 0.00000 9.84510 1.1453396082 2.4989571571    1.072  2.561  3.5975  1.249    7  0.000  0.442     0.00     0.00 -1 -4.54e-09      0.00 6.923e-01 2.920e-01 2.135e-03 1.204e-03 6.435e-03 -1.000 1.576e-02 -1.633 2.964 1.154 -0.407 -1.301 -2.069 -3.173 -3.952 -4.141
0.01471 0.00000 9.84510 1.1453571320 2.4989600182    1.070  2.602  3.5916  1.184    7  0.000  0.442     0.00     0.00 -1 -5.59e-09      0.00 6.923e-01 2.920e-01 2.134e-03 1.204e-03 6.435e-03 -1.000 1.576e-02 -1.734 3.022 1.157 -0.427 -1.346 -2.154 -3.288 -4.084 -4.281
0.01471 0.00000 9.84510 1.1453698874 2.4989619255    1.069  2.633  3.5875  1.136    7  0.000  0.442     0.00     0.00 -1 -6.49e-09      0.00 6.923e-01 2.920e-01 2.132e-03 1.206e-03 6.435e-03 -1.000 1.575e-02 -1.812 3.053 1.156 -0.441 -1.379 -2.219 -3.375 -4.182 -4.385
0.01471 0.00000 9.84510 1.1453857422 2.4989643097    1.066  2.674  3.5835  1.078    7  0.000  0.441     0.00     0.00 -1 -7.91e-09      0.00 6.923e-01 2.920e-01 2.128e-03 1.210e-03 6.435e-03 -1.000 1.575e-02 -1.914 3.063 1.134 -0.477 -1.435 -2.308 -3.486 -4.304 -4.513
0.01471 0.00000 9.84510 1.1454005241 2.4989666939    1.064  2.714  3.5796  1.022    7  0.000  0.440     0.00     0.00 -1  -9.6e-09      0.00 6.923e-01 2.920e-01 2.122e-03 1.217e-03 6.435e-03 -1.000 1.575e-02 -2.014 3.073 1.114 -0.511 -1.488 -2.395 -3.595 -4.423 -4.639
0.01471 0.00000 9.84510 1.1454144716 2.4989688396    1.060  2.753  3.5756  0.965    7  0.000  0.438     0.00     0.00 -1 -1.16e-08      0.00 6.923e-01 2.920e-01 2.116e-03 1.224e-03 6.435e-03 -1.000 1.575e-02 -2.112 3.080 1.107 -0.525 -1.525 -2.477 -3.704 -4.542 -4.764
0.01471 0.00000 9.84510 1.1454274654 2.4989707470    1.057  2.794  3.5714  0.906    7  0.000  0.437     0.00     0.00 -1 -1.41e-08      0.00 6.923e-01 2.920e-01 2.111e-03 1.230e-03 6.435e-03 -1.000 1.575e-02 -2.214 3.092 1.103 -0.537 -1.563 -2.563 -3.818 -4.665 -4.893
0.01471 0.00000 9.84510 1.1454373598 2.4989721775    1.054  2.833  3.5673  0.849    7  0.000  0.436     0.00     0.00 -1  -1.7e-08      0.00 6.923e-01 2.920e-01 2.106e-03 1.236e-03 6.435e-03 -1.000 1.575e-02 -2.313 3.100 1.109 -0.533 -1.587 -2.643 -3.928 -4.784 -5.020
0.01471 0.00000 9.84510 1.1454439163 2.4989731312    1.051  2.869  3.5634  0.796    7  0.000  0.435     0.00     0.00 -1 -2.01e-08      0.00 6.923e-01 2.920e-01 2.102e-03 1.241e-03 6.435e-03 -1.000 1.575e-02 -2.403 3.107 1.122 -0.518 -1.602 -2.714 -4.031 -4.895 -5.136
0.01471 0.00000 9.84510 1.1454491615 2.4989740849    1.049  2.907  3.5592  0.741    7  0.000  0.435     0.00     0.00 -1  -2.4e-08      0.00 6.923e-01 2.920e-01 2.099e-03 1.245e-03 6.435e-03 -1.000 1.575e-02 -2.496 3.116 1.142 -0.497 -1.613 -2.785 -4.136 -5.009 -5.256
0.01471 0.00000 9.84510 1.1454539299 2.4989748001    1.046  2.945  3.5549  0.685    7  0.000  0.434     0.00     0.00 -1 -2.85e-08      0.00 6.923e-01 2.920e-01 2.095e-03 1.249e-03 6.435e-03 -1.000 1.575e-02 -2.591 3.122 1.180 -0.449 -1.606 -2.851 -4.244 -5.125 -5.380
0.01471 0.00000 9.84510 1.1454582214 2.4989755154    1.043  2.983  3.5505  0.627    7  0.000  0.434     0.00     0.00 -1 -3.39e-08      0.00 6.923e-01 2.920e-01 2.093e-03 1.252e-03 6.435e-03 -1.000 1.575e-02 -2.687 3.131 1.222 -0.397 -1.597 -2.916 -4.352 -5.243 -5.505
0.01471 0.00000 9.84510 1.1454622746 2.4989759922    1.040  3.020  3.5460  0.570    7  0.000  0.433     0.00     0.00 -1 -4.03e-08      0.00 6.923e-01 2.920e-01 2.091e-03 1.255e-03 6.435e-03 -1.000 1.575e-02 -2.781 3.138 1.285 -0.316 -1.570 -2.967 -4.461 -5.358 -5.628
0.01471 0.00000 9.84510 1.1454663277 2.4989767075    1.036  3.060  3.5411  0.510    7  0.000  0.433     0.00     0.00 -1 -4.85e-08      0.00 6.923e-01 2.920e-01 2.090e-03 1.256e-03 6.435e-03 -1.000 1.572e-02 -2.879 3.148 1.361 -0.219 -1.534 -3.018 -4.575 -5.481 -5.759
0.01471 0.00000 9.84510 1.1454705000 2.4989774227    1.031  3.100  3.5359  0.447    7  0.000  0.433     0.00     0.00 -1 -5.82e-08      0.00 6.923e-01 2.920e-01 2.089e-03 1.257e-03 6.435e-03 -1.000 1.570e-02 -2.979 3.161 1.471 -0.080 -1.474 -3.052 -4.692 -5.606 -5.893
0.01471 0.00000 9.84510 1.1454747915 2.4989778996    1.025  3.137  3.5310  0.388    7  0.000  0.433     0.00     0.00 -1 -6.94e-08      0.00 6.923e-01 2.920e-01 2.089e-03 1.257e-03 6.435e-03 -1.000 1.569e-02 -3.072 3.176 1.587 0.064 -1.409 -3.077 -4.802 -5.721 -6.018
0.01471 0.00000 9.84510 1.1454793215 2.4989786148    1.017  3.173  3.5259  0.328    7  0.000  0.433     0.00     0.00 -1 -8.28e-08      0.00 6.923e-01 2.920e-01 2.089e-03 1.257e-03 6.435e-03 -1.000 1.569e-02 -3.163 3.193 1.738 0.251 -1.320 -3.070 -4.911 -5.836 -6.143
0.01471 0.00000 9.84510 1.1454843283 2.4989793301    1.007  3.205  3.5211  0.273    7  0.000  0.433     0.00     0.00 -1 -9.68e-08      0.00 6.923e-01 2.920e-01 2.089e-03 1.257e-03 6.435e-03 -1.000 1.569e-02 -3.242 3.213 1.892 0.439 -1.227 -3.054 -5.007 -5.936 -6.253
0.01471 0.00000 9.84510 1.1454871893 2.4989798069    1.001  3.244  3.5156  0.209    7  0.000  0.433     0.00     0.00 -1 -1.16e-07      0.00 6.923e-01 2.920e-01 2.089e-03 1.257e-03 6.435e-03 -1.000 1.569e-02 -3.341 3.233 2.102 0.706 -1.091 -3.000 -5.123 -6.059 -6.387
0.01471 0.00000 9.84510 1.1454877853 2.4989800453    0.999  3.254  3.5142  0.192    7  0.000  0.433     0.00     0.00 -1 -1.22e-07      0.00 6.923e-01 2.920e-01 2.089e-03 1.257e-03 6.435e-03 -1.000 1.569e-02 -3.365 3.239 2.158 0.779 -1.053 -2.983 -5.152 -6.089 -6.420
0.01471 0.00000 9.84510 1.1454888582 2.4989800453    0.997  3.129  3.5304  0.381    7  0.000  0.433     0.00     0.00 -1 -7.31e-08      0.00 6.923e-01 2.920e-01 2.088e-03 1.258e-03 6.435e-03 -1.000 1.569e-02 -3.052 3.208 1.630 0.110 -1.372 -3.049 -4.784 -5.705 -6.002
0.01471 0.00000 9.84510 1.1454889774 2.4989800453    0.996  3.127  3.5308  0.385    7  0.000  0.433     0.00     0.00 -1 -7.26e-08      0.00 6.923e-01 2.920e-01 2.088e-03 1.258e-03 6.435e-03 -1.000 1.569e-02 -3.047 3.205 1.619 0.097 -1.379 -3.050 -4.778 -5.698 -5.995
0.01471 0.00000 9.84510 1.1454890966 2.4989800453    0.996  3.146  3.5283  0.356    7  0.000  0.433     0.00     0.00 -1 -7.84e-08      0.00 6.923e-01 2.920e-01 2.088e-03 1.258e-03 6.435e-03 -1.000 1.569e-02 -3.095 3.210 1.687 0.182 -1.341 -3.052 -4.835 -5.757 -6.059
0.01471 0.00000 9.84510 1.1454892159 2.4989802837    0.996  3.146  3.5284  0.356    7  0.000  0.433     0.00     0.00 -1 -7.84e-08      0.00 6.923e-01 2.920e-01 2.088e-03 1.258e-03 6.435e-03 -1.000 1.569e-02 -3.095 3.209 1.683 0.177 -1.344 -3.054 -4.834 -5.756 -6.058
0.01471 0.00000 9.84510 1.1454894543 2.4989802837    0.996  3.168  3.5255  0.322    7  0.000  0.433     0.00     0.00 -1 -8.58e-08      0.00 6.923e-01 2.920e-01 2.088e-03 1.258e-03 6.435e-03 -1.000 1.569e-02 -3.150 3.215 1.769 0.284 -1.294 -3.050 -4.899 -5.824 -6.132
0.01471 0.00000 9.84510 1.1454896927 2.4989802837    0.995  3.198  3.5215  0.276    7  0.000  0.433     0.00     0.00 -1 -9.75e-08      0.00 6.923e-01 2.920e-01 2.088e-03 1.258e-03 6.435e-03 -1.000 1.569e-02 -3.225 3.224 1.892 0.436 -1.223 -3.043 -4.988 -5.917 -6.233
0.01471 0.00000 9.84510 1.1454899311 2.4989802837    0.995  3.232  3.5168  0.223    7  0.000  0.433     0.00     0.00 -1 -1.12e-07      0.00 6.923e-01 2.920e-01 2.088e-03 1.258e-03 6.435e-03 -1.000 1.569e-02 -3.310 3.237 2.060 0.650 -1.116 -3.007 -5.089 -6.023 -6.349
0.01471 0.00000 9.84510 1.1454901695 2.4989802837    0.994  3.265  3.5123  0.171    7  0.000  0.433     0.00     0.00 -1 -1.29e-07      0.00 6.923e-01 2.920e-01 2.088e-03 1.258e-03 6.435e-03 -1.000 1.569e-02 -3.393 3.251 2.240 0.882 -0.997 -2.955 -5.186 -6.125 -6.461
0.01471 0.00000 9.84510 1.1454904079 2.4989802837    0.993  3.299  3.5074  0.117    7  0.000  0.433     0.00     0.00 -1 -1.49e-07      0.00 6.923e-01 2.920e-01 2.088e-03 1.258e-03 6.435e-03 -1.000 1.569e-02 -3.478 3.260 2.408 1.099 -0.886 -2.904 -5.286 -6.231 -6.575
0.01471 0.00000 9.84510 1.1454908848 2.4989805222    0.992  3.335  3.5021  0.060    7  0.000  0.433     0.00     0.00 -1 -1.72e-07      0.00 6.923e-01 2.920e-01 2.088e-03 1.258e-03 6.435e-03 -1.000 1.569e-02 -3.568 3.271 2.587 1.328 -0.767 -2.840 -5.393 -6.343 -6.697
0.01471 0.00000 9.84510 1.1454913616 2.4989805222    0.990  3.368  3.4973  0.007    7  0.000  0.433     0.00     0.00 -1 -1.98e-07      0.00 6.923e-01 2.920e-01 2.088e-03 1.258e-03 6.435e-03 -1.000 1.569e-02 -3.649 3.283 2.751 1.529 -0.657 -2.773 -5.488 -6.443 -6.808
0.01471 0.00000 9.84510 1.1454920769 2.4989805222    0.986  3.402  3.4918 -0.051    7  0.523  0.433     0.00     0.00 -1 -2.29e-07      0.00 6.923e-01 2.920e-01 2.088e-03 1.258e-03 6.435e-03 -1.000 1.569e-02 -3.735 3.296 2.926 1.737 -0.541 -2.696 -5.592 -6.552 -6.926
0.01471 0.00000 9.84510 1.1454926729 2.4989807606    0.982  3.421  3.4887 -0.084    8  0.525  0.453   206.24    98.10  0 -2.49e-07      0.00 6.923e-01 2.931e-01 2.194e-03 1.260e-03 6.450e-03 -1.000 1.465e-02 -3.781 3.304 3.011 1.825 -0.490 -2.661 -5.648 -6.611 -6.990
0.01471 0.00000 9.84510 1.1454927921 2.4989807606    0.982  3.156  3.5253  0.327    8  0.525  0.454    84.99    45.58  1 -8.52e-08      0.00 6.923e-01 2.931e-01 2.194e-03 1.260e-03 6.450e-03 -1.000 1.465e-02 -3.120 3.242 1.804 0.322 -1.258 -3.017 -4.870 -5.796 -6.103
0.01471 0.00000 9.84510 1.1454927921 2.4989807606    0.982  3.037  3.5415  0.511    8  0.525  0.454    57.24    32.39  1 -5.18e-08      0.00 6.923e-01 2.931e-01 2.194e-03 1.260e-03 6.450e-03 -1.000 1.465e-02 -2.824 3.198 1.402 -0.180 -1.490 -2.966 -4.518 -5.423 -5.701
0.01471 0.00000 9.84510 1.1454930305 2.4989807606    0.981  2.867  3.5647  0.773    8  0.525  0.454    32.46    19.83  1 -2.49e-08      0.00 6.923e-01 2.931e-01 2.194e-03 1.260e-03 6.450e-03 -1.000 1.465e-02 -2.397 3.113 1.104 -0.546 -1.622 -2.714 -4.021 -4.881 -5.121
0.01471 0.00000 9.84510 1.1454932690 2.4989807606    0.979  2.890  3.5612  0.735    8  0.525  0.454    35.22    21.27  1 -2.77e-08      0.00 6.923e-01 2.931e-01 2.194e-03 1.260e-03 6.450e-03 -1.000 1.465e-02 -2.455 3.134 1.136 -0.512 -1.613 -2.755 -4.090 -4.957 -5.203
0.01471 0.00000 9.84510 1.1454936266 2.4989807606    0.977  3.014  3.5438  0.541    8  0.525  0.454    53.58    30.55  1 -4.76e-08      0.00 6.923e-01 2.931e-01 2.194e-03 1.260e-03 6.450e-03 -1.000 1.465e-02 -2.766 3.203 1.377 -0.215 -1.496 -2.931 -4.453 -5.354 -5.628
0.01471 0.00000 9.84510 1.1454941034 2.4989809990    0.975  3.173  3.5216  0.293    8  0.525  0.454    91.53    48.52  1  -9.3e-08      0.00 6.923e-01 2.931e-01 2.194e-03 1.260e-03 6.450e-03 -1.000 1.465e-02 -3.162 3.271 1.941 0.488 -1.166 -2.983 -4.925 -5.854 -6.169
0.01471 0.00000 9.84510 1.1454946995 2.4989809990    0.972  3.304  3.5031  0.086    8  0.525  0.454   142.82    71.23  0  -1.6e-07      0.00 6.923e-01 2.931e-01 2.194e-03 1.260e-03 6.450e-03 -1.000 1.465e-02 -3.490 3.314 2.600 1.335 -0.735 -2.796 -5.312 -6.261 -6.613
0.01471 0.00000 9.84510 1.1454952955 2.4989809990    0.969  3.388  3.4910 -0.047    8  0.526  0.454   190.49    91.29  0 -2.26e-07      0.00 6.923e-01 2.931e-01 2.194e-03 1.260e-03 6.450e-03 -1.000 1.465e-02 -3.700 3.334 2.988 1.806 -0.481 -2.640 -5.559 -6.520 -6.895
0.01471 0.00000 9.84510 1.1454960108 2.4989812374    0.966  3.431  3.4844 -0.118    8  0.526  0.454   221.86   104.05  0 -2.71e-07      0.00 6.923e-01 2.931e-01 2.194e-03 1.260e-03 6.450e-03 -1.000 1.465e-02 -3.807 3.340 3.122 1.918 -0.418 -2.598 -5.685 -6.652 -7.038
0.01471 0.00000 9.84510 1.1454968452 2.4989812374    0.962  3.450  3.4811 -0.152    8  0.526  0.454   238.69   110.72  0 -2.95e-07      0.00 6.923e-01 2.931e-01 2.194e-03 1.260e-03 6.450e-03 -1.000 1.465e-02 -3.854 3.349 3.190 1.969 -0.385 -2.571 -5.742 -6.712 -7.103
0.01471 0.00000 9.84510 1.1454976797 2.4989814758    0.957  3.460  3.4807 -0.166    8  0.527  0.453   245.50   113.32  0 -3.12e-07      0.00 6.923e-01 2.931e-01 2.194e-03 1.260e-03 6.450e-03 -1.000 1.465e-02 -3.879 3.341 3.187 1.962 -0.398 -2.586 -5.768 -6.738 -7.131
0.01471 0.00000 9.84510 1.1454976797 2.4989814758    0.957  3.257  3.5065  0.140    8  0.527  0.454   127.02    64.10  0 -1.38e-07      0.00 6.923e-01 2.931e-01 2.194e-03 1.260e-03 6.450e-03 -1.000 1.465e-02 -3.373 3.352 2.538 1.245 -0.752 -2.776 -5.184 -6.130 -6.475
0.01471 0.00000 9.84510 1.1454977989 2.4989814758    0.956  3.084  3.5302  0.408    8  0.527  0.454    71.28    38.90  1 -6.76e-08      0.00 6.923e-01 2.931e-01 2.194e-03 1.260e-03 6.450e-03 -1.000 1.465e-02 -2.939 3.301 1.741 0.230 -1.252 -2.933 -4.672 -5.594 -5.891
0.01471 0.00000 9.84510 1.1454980373 2.4989814758    0.955  2.913  3.5536  0.672    8  0.527  0.454    40.32    23.76  1 -3.28e-08      0.00 6.923e-01 2.931e-01 2.194e-03 1.260e-03 6.450e-03 -1.000 1.465e-02 -2.512 3.230 1.300 -0.325 -1.495 -2.762 -4.168 -5.052 -5.309
0.01471 0.00000 9.84510 1.1454982758 2.4989814758    0.954  2.935  3.5503  0.635    8  0.527  0.454    43.59    25.41  1 -3.63e-08      0.00 6.923e-01 2.931e-01 2.194e-03 1.260e-03 6.450e-03 -1.000 1.465e-02 -2.568 3.245 1.341 -0.275 -1.476 -2.797 -4.234 -5.125 -5.387
0.01471 0.00000 9.84510 1.1454985142 2.4989817142    0.951  3.057  3.5335  0.445    8  0.527  0.454    65.71    36.20  1 -6.14e-08      0.00 6.923e-01 2.931e-01 2.194e-03 1.260e-03 6.450e-03 -1.000 1.465e-02 -2.873 3.298 1.671 0.140 -1.290 -2.911 -4.594 -5.511 -5.803
0.01471 0.00000 9.84510 1.1454989910 2.4989817142    0.949  3.213  3.5118  0.202    8  0.527  0.454   110.98    56.92  0 -1.18e-07      0.00 6.923e-01 2.931e-01 2.194e-03 1.260e-03 6.450e-03 -1.000 1.465e-02 -3.261 3.360 2.378 1.035 -0.849 -2.811 -5.055 -5.996 -6.331
0.01471 0.00000 9.84510 1.1454994678 2.4989817142    0.946  3.341  3.4938  0.001    8  0.528  0.454   171.36    82.79  0    -2e-07      0.00 6.923e-01 2.931e-01 2.194e-03 1.260e-03 6.450e-03 -1.000 1.465e-02 -3.582 3.383 2.955 1.760 -0.474 -2.611 -5.431 -6.391 -6.759
0.01471 0.00000 9.84510 1.1454999447 2.4989817142    0.942  3.422  3.4822 -0.129    8  0.528  0.454   226.45   105.24  0 -2.79e-07      0.00 6.923e-01 2.931e-01 2.194e-03 1.260e-03 6.450e-03 -1.000 1.465e-02 -3.785 3.387 3.208 1.997 -0.348 -2.531 -5.669 -6.638 -7.027
0.01471 0.00000 9.84510 1.1455006599 2.4989819527    0.938  3.463  3.4761 -0.196    8  0.528  0.454   261.51   119.04  0 -3.31e-07      0.00 6.923e-01 2.931e-01 2.194e-03 1.260e-03 6.450e-03 -1.000 1.465e-02 -3.886 3.388 3.300 2.056 -0.319 -2.517 -5.788 -6.761 -7.159
0.01471 0.00000 9.84510 1.1455012560 2.4989819527    0.934  3.479  3.4733 -0.226    8  0.529  0.454   278.95   125.71  0 -3.59e-07      0.00 6.923e-01 2.931e-01 2.194e-03 1.260e-03 6.450e-03 -1.000 1.465e-02 -3.929 3.391 3.341 2.082 -0.304 -2.510 -5.838 -6.812 -7.215
0.01471 0.00000 9.84510 1.1455020905 2.4989821911    0.929  3.487  3.4741 -0.233    8  0.529  0.453   283.10   127.14  0 -3.79e-07      0.00 6.923e-01 2.931e-01 2.194e-03 1.260e-03 6.450e-03 -1.000 1.465e-02 -3.948 3.376 3.313 2.054 -0.333 -2.538 -5.856 -6.829 -7.232
0.01471 0.00000 9.84510 1.1455020905 2.4989821911    0.928  3.293  3.4991  0.061    8  0.529  0.454   150.09    73.45  0 -1.74e-07      0.00 6.923e-01 2.931e-01 2.194e-03 1.260e-03 6.450e-03 -1.000 1.465e-02 -3.462 3.401 2.822 1.597 -0.550 -2.649 -5.296 -6.250 -6.608
0.01471 0.00000 9.84510 1.1455022097 2.4989821911    0.927  3.121  3.5231  0.329    8  0.529  0.454    84.22    44.56  1 -8.64e-08      0.00 6.923e-01 2.931e-01 2.194e-03 1.260e-03 6.450e-03 -1.000 1.465e-02 -3.032 3.353 1.989 0.531 -1.091 -2.883 -4.789 -5.718 -6.029
0.01471 0.00000 9.84510 1.1455024481 2.4989821911    0.926  2.950  3.5470  0.594    8  0.529  0.454    47.52    27.16  1 -4.24e-08      0.00 6.923e-01 2.931e-01 2.194e-03 1.260e-03 6.450e-03 -1.000 1.465e-02 -2.606 3.282 1.421 -0.181 -1.423 -2.802 -4.282 -5.179 -5.446
0.01471 0.00000 9.84510 1.1455026865 2.4989821911    0.923  2.973  3.5436  0.556    8  0.530  0.454    51.53    29.11  1 -4.72e-08      0.00 6.923e-01 2.931e-01 2.194e-03 1.260e-03 6.450e-03 -1.000 1.465e-02 -2.663 3.296 1.483 -0.103 -1.387 -2.826 -4.350 -5.253 -5.526
0.01471 0.00000 9.84510 1.1455031633 2.4989821911    0.920  3.094  3.5264  0.366    8  0.530  0.454    77.77    41.51  1  -7.9e-08      0.00 6.923e-01 2.931e-01 2.194e-03 1.260e-03 6.450e-03 -1.000 1.465e-02 -2.964 3.354 1.899 0.416 -1.141 -2.882 -4.710 -5.636 -5.940
0.01471 0.00000 9.84510 1.1455036402 2.4989824295    0.917  3.247  3.5043  0.122    8  0.530  0.454   131.41    65.25  0  -1.5e-07      0.00 6.923e-01 2.931e-01 2.194e-03 1.260e-03 6.450e-03 -1.000 1.465e-02 -3.348 3.411 2.665 1.394 -0.646 -2.692 -5.166 -6.114 -6.463
0.01471 0.00000 9.84510 1.1455041170 2.4989824295    0.912  3.374  3.4859 -0.080    8  0.531  0.454   203.32    95.02  0 -2.52e-07      0.00 6.923e-01 2.931e-01 2.194e-03 1.260e-03 6.450e-03 -1.000 1.465e-02 -3.665 3.435 3.192 2.002 -0.320 -2.494 -5.539 -6.504 -6.887
0.01471 0.00000 9.84510 1.1455047131 2.4989824295    0.907  3.455  3.4739 -0.211    8  0.531  0.454   269.73   121.12  0 -3.53e-07      0.00 6.923e-01 2.931e-01 2.194e-03 1.260e-03 6.450e-03 -1.000 1.465e-02 -3.867 3.436 3.378 2.125 -0.257 -2.460 -5.775 -6.748 -7.150
0.01471 0.00000 9.84510 1.1455055475 2.4989826679    0.901  3.496  3.4675 -0.281    8  0.531  0.454   313.26   137.58  0 -4.21e-07      0.01 6.923e-01 2.931e-01 2.194e-03 1.260e-03 6.450e-03 -1.000 1.465e-02 -3.969 3.432 3.457 2.172 -0.235 -2.457 -5.895 -6.871 -7.282
0.01471 0.00000 9.84510 1.1455062628 2.4989826679    0.895  3.513  3.4643 -0.315    8  0.532  0.454   336.59   146.09  0  -4.6e-07      0.01 6.923e-01 2.931e-01 2.194e-03 1.260e-03 6.450e-03 -1.000 1.465e-02 -4.014 3.435 3.496 2.196 -0.223 -2.454 -5.947 -6.925 -7.340
0.01471 0.00000 9.84510 1.1455072165 2.4989829063    0.888  3.523  3.4652 -0.323    8  0.533  0.453   342.94   148.12  0 -4.94e-07      0.01 6.923e-01 2.931e-01 2.194e-03 1.260e-03 6.450e-03 -1.000 1.465e-02 -4.037 3.424 3.472 2.169 -0.253 -2.483 -5.968 -6.945 -7.360
0.01471 0.00000 9.84510 1.1455072165 2.4989829063    0.887  3.338  3.4890 -0.044    8  0.533  0.454   187.60    87.91  0 -2.37e-07      0.00 6.923e-01 2.931e-01 2.194e-03 1.260e-03 6.450e-03 -1.000 1.465e-02 -3.575 3.470 3.173 1.999 -0.304 -2.470 -5.439 -6.403 -6.781
0.01471 0.00000 9.84510 1.1455073357 2.4989829063    0.886  3.168  3.5136  0.224    8  0.533  0.454   105.22    53.30  0  -1.2e-07      0.00 6.923e-01 2.931e-01 2.194e-03 1.260e-03 6.450e-03 -1.000 1.465e-02 -3.149 3.433 2.388 1.025 -0.815 -2.751 -4.937 -5.876 -6.207
0.01471 0.00000 9.84510 1.1455075741 2.4989829063    0.883  2.997  3.5381  0.491    8  0.533  0.454    59.11    32.35  1 -5.97e-08      0.00 6.923e-01 2.931e-01 2.194e-03 1.260e-03 6.450e-03 -1.000 1.465e-02 -2.723 3.355 1.630 0.070 -1.287 -2.824 -4.428 -5.339 -5.622
0.01471 0.00000 9.84510 1.1455079317 2.4989831448    0.880  3.020  3.5345  0.452    8  0.533  0.454    64.26    34.73  1 -6.65e-08      0.00 6.923e-01 2.931e-01 2.194e-03 1.260e-03 6.450e-03 -1.000 1.465e-02 -2.779 3.373 1.723 0.185 -1.229 -2.832 -4.497 -5.413 -5.702
0.01471 0.00000 9.84510 1.1455082893 2.4989831448    0.875  3.138  3.5169  0.262    8  0.533  0.454    96.92    49.46  0  -1.1e-07      0.00 6.923e-01 2.931e-01 2.194e-03 1.260e-03 6.450e-03 -1.000 1.465e-02 -3.074 3.438 2.273 0.873 -0.886 -2.773 -4.852 -5.788 -6.112
0.01471 0.00000 9.84510 1.1455087662 2.4989831448    0.869  3.288  3.4944  0.019    8  0.534  0.454   163.51    77.57  0 -2.05e-07      0.00 6.923e-01 2.931e-01 2.194e-03 1.260e-03 6.450e-03 -1.000 1.465e-02 -3.449 3.494 3.050 1.855 -0.367 -2.499 -5.297 -6.255 -6.623
0.01471 0.00000 9.84510 1.1455093622 2.4989831448    0.863  3.411  3.4755 -0.183    8  0.534  0.454   252.94   112.82  0 -3.42e-07      0.00 6.923e-01 2.931e-01 2.194e-03 1.260e-03 6.450e-03 -1.000 1.465e-02 -3.758 3.509 3.430 2.188 -0.185 -2.383 -5.661 -6.634 -7.032
0.01471 0.00000 9.84510 1.1455100775 2.4989833832    0.855  3.490  3.4631 -0.315    8  0.535  0.454   336.09   143.81  0 -4.75e-07      0.01 6.923e-01 2.931e-01 2.194e-03 1.260e-03 6.450e-03 -1.000 1.465e-02 -3.954 3.502 3.576 2.274 -0.147 -2.380 -5.890 -6.868 -7.284
0.01471 0.00000 9.84510 1.1455107927 2.4989833832    0.846  3.529  3.4564 -0.386    8  0.535  0.454   391.52   163.52  0  -5.7e-07      0.01 6.923e-01 2.931e-01 2.194e-03 1.260e-03 6.450e-03 -1.000 1.465e-02 -4.053 3.518 3.659 2.334 -0.123 -2.384 -6.006 -6.986 -7.412
0.01471 0.00000 9.84510 1.1455116272 2.4989836216    0.836  3.546  3.4531 -0.421    8  0.536  0.454   422.31   173.88  0 -6.28e-07      0.01 6.923e-01 2.931e-01 2.194e-03 1.260e-03 6.450e-03 -1.000 1.465e-02 -4.095 3.537 3.709 2.378 -0.103 -2.381 -6.055 -7.036 -7.467
0.01471 0.00000 9.84510 1.1455125809 2.4989838600    0.826  3.555  3.4572 -0.419    8  0.537  0.453   419.76   172.18  0 -6.92e-07      0.01 6.923e-01 2.931e-01 2.194e-03 1.260e-03 6.450e-03 -1.000 1.465e-02 -4.116 3.515 3.637 2.293 -0.175 -2.438 -6.065 -7.047 -7.477
0.01471 0.00000 9.84510 1.1455125809 2.4989838600    0.825  3.381  3.4771 -0.167    8  0.537  0.454   243.66   107.55  0 -3.46e-07      0.00 6.923e-01 2.931e-01 2.194e-03 1.260e-03 6.450e-03 -1.000 1.465e-02 -3.684 3.560 3.460 2.226 -0.141 -2.335 -5.582 -6.554 -6.951
0.01471 0.00000 9.84510 1.1455127001 2.4989838600    0.822  3.213  3.5021  0.101    8  0.537  0.454   136.78    65.21  0 -1.79e-07      0.00 6.923e-01 2.931e-01 2.194e-03 1.260e-03 6.450e-03 -1.000 1.465e-02 -3.262 3.539 2.861 1.610 -0.474 -2.543 -5.087 -6.037 -6.389
0.01471 0.00000 9.84510 1.1455129385 2.4989838600    0.818  3.043  3.5273  0.369    8  0.537  0.454    76.63    39.45  1 -9.11e-08      0.00 6.923e-01 2.931e-01 2.194e-03 1.260e-03 6.450e-03 -1.000 1.465e-02 -2.836 3.469 1.984 0.493 -1.046 -2.773 -4.579 -5.503 -5.807
0.01471 0.00000 9.84510 1.1455132961 2.4989838600    0.812  3.065  3.5228  0.326    8  0.537  0.454    84.17    42.66  1 -1.02e-07      0.00 6.923e-01 2.931e-01 2.194e-03 1.260e-03 6.450e-03 -1.000 1.465e-02 -2.892 3.500 2.145 0.688 -0.939 -2.737 -4.650 -5.579 -5.891
0.01471 0.00000 9.84510 1.1455137730 2.4989838600    0.804  3.180  3.5036  0.130    8  0.538  0.454   128.43    61.23  0 -1.67e-07      0.00 6.923e-01 2.931e-01 2.194e-03 1.260e-03 6.450e-03 -1.000 1.465e-02 -3.180 3.580 2.858 1.597 -0.454 -2.506 -4.999 -5.949 -6.298
0.01471 0.00000 9.84510 1.1455142498 2.4989840984    0.794  3.325  3.4792 -0.119    8  0.538  0.454   219.60    96.88  0 -3.06e-07      0.00 6.923e-01 2.931e-01 2.194e-03 1.260e-03 6.450e-03 -1.000 1.465e-02 -3.544 3.640 3.513 2.297 -0.053 -2.239 -5.436 -6.408 -6.800
0.01471 0.00000 9.84510 1.1455148458 2.4989840984    0.782  3.445  3.4584 -0.329    8  0.539  0.454   345.19   142.38  0 -5.04e-07      0.01 6.923e-01 2.931e-01 2.194e-03 1.260e-03 6.450e-03 -1.000 1.465e-02 -3.844 3.640 3.767 2.463 0.030 -2.217 -5.791 -6.770 -7.190
0.01471 0.00000 9.84510 1.1455155611 2.4989840984    0.769  3.521  3.4444 -0.468    8  0.539  0.454   466.14   183.24  0 -7.03e-07      0.01 6.923e-01 2.931e-01 2.194e-03 1.260e-03 6.450e-03 -1.000 1.465e-02 -4.034 3.687 3.934 2.625 0.088 -2.231 -6.012 -6.991 -7.430
0.01471 0.00000 9.84510 1.1455163956 2.4989843369    0.755  3.560  3.4368 -0.545    8  0.540  0.454   550.54   209.71  0 -8.54e-07      0.02 6.923e-01 2.931e-01 2.194e-03 1.260e-03 6.450e-03 -1.000 1.465e-02 -4.129 3.715 4.015 2.724 0.118 -2.245 -6.122 -7.100 -7.549
0.01471 0.00000 9.84510 1.1455173492 2.4989845753    0.739  3.575  3.4334 -0.583    8  0.541  0.454   599.30   223.25  0 -1.08e-06      0.03 6.923e-01 2.931e-01 2.194e-03 1.260e-03 6.450e-03 -1.000 1.465e-02 -4.169 3.791 4.094 2.803 0.153 -2.234 -6.160 -7.142 -7.599
0.01471 0.00000 9.84510 1.1455183029 2.4989845753    0.721  3.583  3.4615 -0.489    8  0.541  0.453   490.20   185.20  0 -1.23e-06      0.04 6.923e-01 2.931e-01 2.194e-03 1.260e-03 6.450e-03 -1.000 1.465e-02 -4.188 3.633 3.656 2.255 -0.238 -2.503 -6.112 -7.099 -7.542
0.01471 0.00000 9.84510 1.1455183029 2.4989845753    0.720  3.422  3.4582 -0.342    8  0.541  0.454   356.82   140.62  0  -5.9e-07      0.01 6.923e-01 2.931e-01 2.194e-03 1.260e-03 6.450e-03 -1.000 1.465e-02 -3.786 3.733 3.855 2.542 0.101 -2.149 -5.731 -6.712 -7.134
0.01471 0.00000 9.84510 1.1455184221 2.4989845753    0.716  3.254  3.4818 -0.082    8  0.542  0.454   203.59    86.33  0  -3.1e-07      0.00 6.923e-01 2.931e-01 2.194e-03 1.260e-03 6.450e-03 -1.000 1.465e-02 -3.365 3.770 3.600 2.399 0.064 -2.115 -5.249 -6.220 -6.607
0.01471 0.00000 9.84510 1.1455186605 2.4989845753    0.710  3.082  3.5043  0.177    8  0.542  0.454   116.57    53.05  0 -1.58e-07      0.00 6.923e-01 2.931e-01 2.194e-03 1.260e-03 6.450e-03 -1.000 1.465e-02 -2.934 3.777 3.044 1.786 -0.242 -2.285 -4.751 -5.701 -6.047
0.01471 0.00000 9.84510 1.1455190182 2.4989848137    0.702  3.100  3.4910  0.101    8  0.542  0.454   137.67    60.81  0  -1.7e-07      0.00 6.923e-01 2.931e-01 2.194e-03 1.260e-03 6.450e-03 -1.000 1.465e-02 -2.979 3.907 3.575 2.428 0.181 -1.962 -4.838 -5.801 -6.168
0.01471 0.00000 9.84510 1.1455193758 2.4989848137    0.691  3.207  3.4598 -0.138    8  0.542  0.454   231.05    94.17  0 -2.56e-07      0.00 6.923e-01 2.931e-01 2.194e-03 1.260e-03 6.450e-03 -1.000 1.465e-02 -3.247 4.032 4.162 2.919 0.530 -1.697 -5.193 -6.170 -6.575
0.01471 0.00000 9.84510 1.1455199718 2.4989848137    0.678  3.342  3.4223 -0.432    8  0.543  0.454   436.87   161.14  0 -4.17e-07      0.01 6.923e-01 2.931e-01 2.194e-03 1.260e-03 6.450e-03 -1.000 1.465e-02 -3.586 4.089 4.540 3.429 0.751 -1.664 -5.616 -6.570 -7.006
0.01471 0.00000 9.84510 1.1455205679 2.4989850521    0.663  3.452  3.3918 -0.673    8  0.543  0.454   739.27   249.38  0 -6.18e-07      0.01 6.923e-01 2.931e-01 2.194e-03 1.260e-03 6.450e-03 -1.000 1.465e-02 -3.860 4.107 4.573 3.435 0.646 -1.819 -5.895 -6.859 -7.319
0.01471 0.00000 9.84510 1.1455212831 2.4989850521    0.646  3.517  3.3761 -0.813    8  0.544  0.454  1007.67   318.22  0 -1.21e-06      0.04 6.923e-01 2.931e-01 2.194e-03 1.260e-03 6.450e-03 -1.000 1.465e-02 -4.024 4.236 4.640 3.430 0.575 -1.914 -6.043 -7.022 -7.505
0.01471 0.00000 9.84510 1.1455219984 2.4989852905    0.627  3.545  3.3788 -0.843    8  0.544  0.454  1088.72   329.20  0 -1.72e-06      0.07 6.923e-01 2.931e-01 2.194e-03 1.260e-03 6.450e-03 -1.000 1.465e-02 -4.093 4.364 4.708 3.452 0.562 -1.939 -6.089 -7.082 -7.578
0.01471 0.00000 9.84510 1.1455229521 2.4989852905    0.606  3.550  3.4011 -0.774    8  0.545  0.454   956.95   280.72  0 -1.81e-06      0.08 6.923e-01 2.931e-01 2.194e-03 1.260e-03 6.450e-03 -1.000 1.465e-02 -4.106 4.322 4.661 3.416 0.539 -1.957 -6.095 -7.087 -7.580
0.01471 0.00000 9.84510 1.1455239058 2.4989855289    0.584  3.547  3.5319 -0.263    8  0.546  0.453   330.32   103.61  0 -2.52e-06      0.21 6.923e-01 2.931e-01 2.194e-03 1.260e-03 6.450e-03 -1.000 1.465e-02 -4.096 3.754 1.504 -0.389 -2.087 -3.843 -5.707 -6.665 -7.086
0.01471 0.00000 9.84510 1.1455253363 2.4989857674    0.546 -9.999  4.0000  1.752    9  0.547  0.000     0.00     0.00 -1    -1e-30      0.00 6.923e-01 2.931e-01 2.194e-03 1.260e-03 6.450e-03 -1.000 1.465e-02 29.767 30.007 30.233 30.228 30.185 30.142 30.138 30.119 30.125
#isochrone terminated
