# File generated by CMD 3.3 (http://stev.oapd.inaf.it/cmd) on Mon Oct 21 22:42:46 CEST 2019
# isochrones based on PARSEC release v1.2S
# Basic references: Bressan et al. (2012), MNRAS, 427, 127 + Chen et al. (2014, 2015), MNRAS, 444, 2525 + MNRAS, 452, 1068 + Tang et al. (2014), MNRAS, 445, 4287
# On RGB, assumed Reimers mass loss with efficiency eta=0.2
# Photometric system: SDSS <i>ugriz</i>
# Attention: photometry includes extinction of Av=0.3, with coefficients derived star-by-star, for Cardelli et al 89 + O'Donnell 94 Rv=3.1 extinction curve.
# Using YBC version of bolometric corrections as in Chen et al. (2019)
# O-rich circumstellar dpmod60alox40 dust from Groenewegen (2006)
# C-rich circumstellar AMCSIC15 dust from Groenewegen (2006)
# IMF: Kroupa (2001, 2002) + Kroupa et al. (2013) canonical two-part-power law IMF corrected for unresolved binaries 
# Kind of output: isochrone tables
# Zini     MH   logAge Mini        int_IMF         Mass   logL    logTe  logg  label 	 mbolmag  umag    gmag    rmag    imag    zmag
0.01471 0.00000 9.87506 0.0900000036 1.0816895962    0.090 -3.422  3.3633  5.219    1 13.324 24.120 19.427 17.615 15.045 13.488
0.01471 0.00000 9.87506 0.1000000015 1.1711064577    0.100 -3.238  3.3895  5.186    1 12.865 23.596 18.945 17.146 14.583 13.030
0.01471 0.00000 9.87506 0.1200000048 1.3193155527    0.120 -2.971  3.4248  5.140    1 12.199 22.404 17.983 16.225 13.774 12.314
0.01471 0.00000 9.87506 0.1400000006 1.4384527206    0.140 -2.789  3.4447  5.103    1 11.742 20.860 16.854 15.180 12.985 11.734
0.01471 0.00000 9.87506 0.1599999964 1.5372931957    0.160 -2.647  3.4582  5.074    1 11.389 19.832 16.074 14.435 12.432 11.308
0.01471 0.00000 9.87506 0.2000000030 1.6938791275    0.200 -2.429  3.4770  5.028    1 10.843 18.474 15.003 13.407 11.659 10.683
0.01471 0.00000 9.87506 0.2500000000 1.8403258324    0.250 -2.219  3.4933  4.980    1 10.318 17.347 14.072 12.494 10.967 10.106
0.01471 0.00000 9.87506 0.3000000119 1.9529139996    0.300 -2.056  3.5038  4.938    1 9.909 16.608 13.440 11.890 10.474 9.672
0.01471 0.00000 9.87506 0.3500000238 2.0434176922    0.350 -1.905  3.5124  4.889    1 9.533 15.985 12.896 11.370 10.037 9.279
0.01471 0.00000 9.87506 0.4000000358 2.1185026169    0.400 -1.761  3.5235  4.847    1 9.172 15.362 12.341 10.840 9.606 8.902
0.01471 0.00000 9.87506 0.4500000179 2.1822810173    0.450 -1.611  3.5358  4.797    1 8.797 14.745 11.776 10.301 9.165 8.514
0.01471 0.00000 9.87506 0.5000000000 2.2374541759    0.500 -1.453  3.5511  4.746    1 8.402 14.109 11.170 9.718 8.696 8.109
0.01471 0.00000 9.87506 0.5250934958 2.2619073391    0.525 -1.364  3.5613  4.719    1 8.179 13.753 10.816 9.373 8.429 7.884
0.01471 0.00000 9.87506 0.5500000119 2.2836582661    0.550 -1.279  3.5710  4.693    1 7.968 13.424 10.483 9.046 8.176 7.672
0.01471 0.00000 9.87506 0.5713286996 2.3005619049    0.571 -1.204  3.5818  4.678    1 7.780 13.117 10.169 8.740 7.947 7.488
0.01471 0.00000 9.87506 0.6000000238 2.3211214542    0.600 -1.108  3.5956  4.658    1 7.539 12.734 9.776 8.368 7.662 7.253
0.01471 0.00000 9.87506 0.6435074210 2.3483324051    0.643 -0.955  3.6217  4.641    1 7.159 12.085 9.114 7.774 7.212 6.886
0.01471 0.00000 9.87506 0.6499999762 2.3520355225    0.650 -0.934  3.6255  4.638    1 7.104 11.984 9.015 7.690 7.148 6.834
0.01471 0.00000 9.87506 0.7000000477 2.3779268265    0.700 -0.765  3.6558  4.623    1 6.682 11.007 8.228 7.054 6.662 6.431
0.01471 0.00000 9.87506 0.7089517117 2.3821210861    0.709 -0.735  3.6611  4.620    1 6.608 10.804 8.089 6.949 6.577 6.359
0.01471 0.00000 9.87506 0.7390447855 2.3953688145    0.739 -0.637  3.6786  4.610    1 6.361 10.139 7.651 6.626 6.306 6.119
0.01471 0.00000 9.87506 0.7500000000 2.3998889923    0.750 -0.601  3.6848  4.605    1 6.273 9.917 7.503 6.516 6.211 6.035
0.01471 0.00000 9.87506 0.7698094845 2.4076881409    0.770 -0.540  3.6939  4.592    1 6.119 9.568 7.266 6.335 6.051 5.888
0.01471 0.00000 9.87506 0.7954584360 2.4171259403    0.795 -0.461  3.7055  4.573    1 5.922 9.128 6.973 6.109 5.848 5.703
0.01471 0.00000 9.87506 0.8000000119 2.4187245369    0.800 -0.447  3.7075  4.570    1 5.887 9.053 6.923 6.069 5.813 5.670
0.01471 0.00000 9.87506 0.8103638291 2.4222958088    0.810 -0.415  3.7119  4.562    1 5.808 8.886 6.810 5.981 5.732 5.596
0.01471 0.00000 9.87506 0.8336469531 2.4299476147    0.833 -0.344  3.7216  4.541    1 5.630 8.521 6.565 5.785 5.554 5.431
0.01471 0.00000 9.87506 0.8500000238 2.4350347519    0.850 -0.294  3.7282  4.526    1 5.505 8.278 6.401 5.651 5.430 5.315
0.01471 0.00000 9.87506 0.8532322049 2.4360136986    0.853 -0.284  3.7295  4.523    1 5.481 8.232 6.368 5.625 5.405 5.292
0.01471 0.00000 9.87506 0.8748574853 2.4423501492    0.874 -0.218  3.7375  4.499    1 5.314 7.926 6.154 5.449 5.243 5.140
0.01471 0.00000 9.87506 0.8951841593 2.4479863644    0.895 -0.155  3.7447  4.475    1 5.158 7.638 5.956 5.287 5.093 4.999
0.01471 0.00000 9.87506 0.8999999762 2.4492788315    0.899 -0.140  3.7463  4.469    1 5.121 7.570 5.910 5.249 5.058 4.966
0.01471 0.00000 9.87506 0.9020283818 2.4498183727    0.901 -0.134  3.7470  4.467    1 5.105 7.542 5.891 5.233 5.043 4.952
0.01471 0.00000 9.87506 0.9142984748 2.4530241489    0.914 -0.095  3.7509  4.450    1 5.009 7.376 5.775 5.135 4.951 4.865
0.01471 0.00000 9.87506 0.9261655211 2.4560317993    0.926 -0.058  3.7545  4.432    1 4.915 7.224 5.664 5.041 4.863 4.781
0.01471 0.00000 9.87506 0.9479784369 2.4613349438    0.947  0.011  3.7606  4.398    1 4.742 6.953 5.461 4.867 4.698 4.623
0.01471 0.00000 9.87506 0.9499999881 2.4618122578    0.950  0.018  3.7612  4.394    1 4.725 6.928 5.442 4.850 4.682 4.608
0.01471 0.00000 9.87506 0.9584422112 2.4637806416    0.958  0.045  3.7633  4.379    1 4.656 6.829 5.364 4.782 4.617 4.545
0.01471 0.00000 9.87506 0.9771324992 2.4679996967    0.977  0.107  3.7675  4.343    1 4.503 6.615 5.191 4.629 4.471 4.404
0.01471 0.00000 9.87506 0.9948655367 2.4718344212    0.995  0.164  3.7707  4.307    1 4.360 6.429 5.034 4.487 4.334 4.271
0.01471 0.00000 9.87506 1.0000000000 2.4729156494    1.000  0.181  3.7714  4.295    1 4.319 6.378 4.989 4.445 4.294 4.232
0.01471 0.00000 9.87506 1.0121659040 2.4754271507    1.012  0.221  3.7729  4.266    1 4.217 6.257 4.880 4.344 4.195 4.135
0.01471 0.00000 9.87506 1.0245145559 2.4779062271    1.024  0.265  3.7744  4.233    1 4.106 6.128 4.763 4.234 4.088 4.029
0.01471 0.00000 9.87506 1.0339014530 2.4797453880    1.034  0.301  3.7750  4.204    1 4.019 6.032 4.672 4.147 4.001 3.944
0.01471 0.00000 9.87506 1.0430157185 2.4814946651    1.043  0.336  3.7751  4.173    1 3.931 5.943 4.583 4.059 3.914 3.856
0.01471 0.00000 9.87506 1.0499999523 2.4828116894    1.050  0.364  3.7748  4.146    1 3.861 5.878 4.514 3.989 3.844 3.786
0.01471 0.00000 9.87506 1.0517861843 2.4831452370    1.051  0.371  3.7746  4.140    1 3.843 5.861 4.497 3.971 3.826 3.768
0.01471 0.00000 9.87506 1.0615960360 2.4849541187    1.061  0.411  3.7734  4.098    1 3.742 5.775 4.400 3.870 3.723 3.663
0.01471 0.00000 9.87506 1.0700304508 2.4864790440    1.069  0.447  3.7704  4.054    2 3.652 5.719 4.322 3.780 3.628 3.565
0.01471 0.00000 9.87506 1.0776551962 2.4878337383    1.077  0.478  3.7654  4.006    2 3.575 5.704 4.266 3.703 3.543 3.474
0.01471 0.00000 9.87506 1.0845797062 2.4890453815    1.084  0.499  3.7567  3.952    2 3.522 5.767 4.252 3.652 3.478 3.398
0.01471 0.00000 9.87506 1.0888934135 2.4897911549    1.088  0.503  3.7470  3.912    2 3.513 5.899 4.290 3.648 3.459 3.367
0.01471 0.00000 9.87506 1.0915292501 2.4902434349    1.091  0.497  3.7377  3.881    2 3.527 6.054 4.351 3.670 3.468 3.365
0.01471 0.00000 9.87506 1.0933815241 2.4905598164    1.093  0.489  3.7290  3.855    2 3.547 6.206 4.418 3.701 3.485 3.370
0.01471 0.00000 9.87506 1.0951405764 2.4908590317    1.094  0.486  3.7199  3.823    2 3.554 6.361 4.480 3.723 3.492 3.364
0.01471 0.00000 9.87506 1.0972537994 2.4912171364    1.096  0.499  3.7101  3.771    2 3.522 6.498 4.510 3.710 3.462 3.321
0.01471 0.00000 9.87506 1.0991312265 2.4915339947    1.098  0.528  3.7031  3.715    2 3.449 6.549 4.486 3.653 3.393 3.241
0.01471 0.00000 9.87506 1.0996586084 2.4916229248    1.099  0.539  3.7015  3.697    2 3.421 6.549 4.469 3.630 3.366 3.212
0.01471 0.00000 9.87506 1.1000000238 2.4916803837    1.099  0.549  3.7007  3.685    2 3.398 6.538 4.451 3.608 3.343 3.188
0.01471 0.00000 9.87506 1.1001741886 2.4917094707    1.100  0.553  3.7003  3.679    2 3.386 6.533 4.442 3.597 3.332 3.176
0.01471 0.00000 9.87506 1.1016478539 2.4919567108    1.101  0.598  3.6974  3.623    3 3.274 6.471 4.352 3.494 3.222 3.062
0.01471 0.00000 9.87506 1.1028233767 2.4921536446    1.102  0.639  3.6955  3.575    3 3.172 6.399 4.263 3.397 3.123 2.959
0.01471 0.00000 9.87506 1.1041914225 2.4923818111    1.104  0.691  3.6937  3.516    3 3.041 6.296 4.145 3.272 2.994 2.827
0.01471 0.00000 9.87506 1.1052030325 2.4925503731    1.105  0.734  3.6924  3.469    3 2.935 6.212 4.047 3.169 2.889 2.719
0.01471 0.00000 9.87506 1.1063367128 2.4927384853    1.106  0.786  3.6909  3.412    3 2.806 6.110 3.929 3.044 2.761 2.589
0.01471 0.00000 9.87506 1.1072018147 2.4928820133    1.107  0.829  3.6897  3.364    3 2.698 6.026 3.831 2.940 2.654 2.481
0.01471 0.00000 9.87506 1.1080099344 2.4930157661    1.107  0.872  3.6885  3.316    3 2.590 5.942 3.734 2.836 2.547 2.372
0.01471 0.00000 9.87506 1.1087125540 2.4931318760    1.108  0.913  3.6872  3.270    3 2.487 5.864 3.641 2.737 2.446 2.268
0.01471 0.00000 9.87506 1.1095567942 2.4932711124    1.109  0.967  3.6855  3.210    3 2.354 5.764 3.522 2.609 2.314 2.133
0.01471 0.00000 9.87506 1.1101444960 2.4933679104    1.109  1.007  3.6842  3.165    3 2.252 5.691 3.432 2.512 2.215 2.031
0.01471 0.00000 9.87506 1.1108249426 2.4934797287    1.110  1.058  3.6823  3.106    3 2.125 5.601 3.320 2.390 2.089 1.903
0.01471 0.00000 9.87506 1.1113318205 2.4935631752    1.111  1.100  3.6807  3.059    3 2.021 5.530 3.230 2.291 1.987 1.798
0.01471 0.00000 9.87506 1.1119004488 2.4936563969    1.111  1.150  3.6787  3.000    3 1.894 5.448 3.121 2.172 1.863 1.670
0.01471 0.00000 9.87506 1.1124243736 2.4937422276    1.112  1.202  3.6764  2.939    3 1.764 5.365 3.011 2.050 1.737 1.540
0.01471 0.00000 9.87506 1.1128785610 2.4938166142    1.112  1.252  3.6742  2.881    3 1.640 5.287 2.906 1.934 1.616 1.415
0.01471 0.00000 9.87506 1.1132941246 2.4938845634    1.113  1.302  3.6719  2.822    3 1.515 5.211 2.801 1.817 1.494 1.290
0.01471 0.00000 9.87506 1.1136788130 2.4939475060    1.113  1.353  3.6695  2.761    3 1.388 5.136 2.695 1.700 1.372 1.162
0.01471 0.00000 9.87506 1.1140139103 2.4940023422    1.113  1.401  3.6670  2.704    3 1.268 5.069 2.598 1.590 1.256 1.042
0.01471 0.00000 9.87506 1.1143354177 2.4940547943    1.114  1.451  3.6645  2.644    3 1.143 5.001 2.498 1.476 1.136 0.918
0.01471 0.00000 9.87506 1.1146271229 2.4941022396    1.114  1.498  3.6619  2.586    3 1.024 4.937 2.401 1.367 1.022 0.799
0.01471 0.00000 9.87506 1.1149135828 2.4941489697    1.114  1.545  3.6594  2.530    3 0.909 4.878 2.310 1.262 0.911 0.684
0.01471 0.00000 9.87506 1.1152865887 2.4942097664    1.115  1.587  3.6572  2.478    3 0.802 4.830 2.227 1.165 0.809 0.577
0.01471 0.00000 9.87506 1.1155093908 2.4942460060    1.115  1.555  3.6594  2.520    3 0.883 4.852 2.284 1.236 0.886 0.658
0.01471 0.00000 9.87506 1.1156537533 2.4942696095    1.115  1.519  3.6617  2.565    3 0.971 4.888 2.350 1.315 0.970 0.746
0.01471 0.00000 9.87506 1.1156853437 2.4942748547    1.115  1.511  3.6623  2.576    3 0.993 4.898 2.367 1.335 0.990 0.768
0.01471 0.00000 9.87506 1.1157709360 2.4942886829    1.115  1.528  3.6613  2.555    3 0.950 4.876 2.333 1.296 0.949 0.725
0.01471 0.00000 9.87506 1.1159976721 2.4943256378    1.115  1.576  3.6586  2.496    3 0.830 4.819 2.239 1.187 0.834 0.605
0.01471 0.00000 9.87506 1.1162211895 2.4943618774    1.116  1.624  3.6558  2.437    3 0.710 4.783 2.151 1.080 0.720 0.486
0.01471 0.00000 9.87506 1.1164289713 2.4943957329    1.116  1.671  3.6530  2.379    3 0.592 4.749 2.065 0.974 0.607 0.367
0.01471 0.00000 9.87506 1.1166166067 2.4944262505    1.116  1.717  3.6503  2.322    3 0.477 4.718 1.982 0.871 0.497 0.252
0.01471 0.00000 9.87506 1.1167894602 2.4944541454    1.116  1.763  3.6474  2.265    3 0.363 4.693 1.902 0.771 0.388 0.138
0.01471 0.00000 9.87506 1.1169514656 2.4944806099    1.116  1.810  3.6445  2.206    3 0.246 4.669 1.821 0.669 0.278 0.022
0.01471 0.00000 9.87506 1.1170953512 2.4945039749    1.116  1.855  3.6417  2.150    3 0.133 4.648 1.744 0.571 0.172 -0.089
0.01471 0.00000 9.87506 1.1172297001 2.4945256710    1.117  1.900  3.6388  2.093    3 0.020 4.629 1.668 0.474 0.066 -0.202
0.01471 0.00000 9.87506 1.1173518896 2.4945454597    1.117  1.944  3.6359  2.037    3 -0.091 4.615 1.596 0.381 -0.038 -0.312
0.01471 0.00000 9.87506 1.1174638271 2.4945635796    1.117  1.989  3.6329  1.981    3 -0.203 4.589 1.523 0.289 -0.141 -0.421
0.01471 0.00000 9.87506 1.1175665855 2.4945802689    1.117  2.033  3.6299  1.924    3 -0.314 4.537 1.449 0.195 -0.242 -0.528
0.01471 0.00000 9.87506 1.1176596880 2.4945952892    1.117  2.077  3.6269  1.869    3 -0.423 4.484 1.377 0.109 -0.340 -0.632
0.01471 0.00000 9.87506 1.1177457571 2.4946093559    1.117  2.121  3.6239  1.813    3 -0.532 4.429 1.305 0.020 -0.438 -0.737
0.01471 0.00000 9.87506 1.1178239584 2.4946219921    1.117  2.164  3.6208  1.758    3 -0.640 4.373 1.233 -0.067 -0.535 -0.839
0.01471 0.00000 9.87506 1.1178958416 2.4946336746    1.117  2.207  3.6178  1.703    3 -0.746 4.315 1.163 -0.150 -0.629 -0.941
0.01471 0.00000 9.87506 1.1179631948 2.4946446419    1.117  2.250  3.6147  1.647    3 -0.854 4.255 1.093 -0.235 -0.723 -1.042
0.01471 0.00000 9.87506 1.1180231571 2.4946541786    1.117  2.291  3.6116  1.593    3 -0.958 4.199 1.026 -0.315 -0.813 -1.140
0.01471 0.00000 9.87506 1.1180804968 2.4946634769    1.117  2.334  3.6084  1.538    3 -1.065 4.139 0.957 -0.398 -0.905 -1.240
0.01471 0.00000 9.87506 1.1181312799 2.4946718216    1.117  2.375  3.6053  1.485    3 -1.167 4.097 0.896 -0.472 -0.992 -1.336
0.01471 0.00000 9.87506 1.1181782484 2.4946794510    1.117  2.416  3.6021  1.431    3 -1.269 4.102 0.844 -0.544 -1.080 -1.434
0.01471 0.00000 9.87506 1.1182228327 2.4946866035    1.118  2.457  3.5989  1.377    3 -1.373 4.104 0.792 -0.615 -1.169 -1.534
0.01471 0.00000 9.87506 1.1182625294 2.4946930408    1.118  2.497  3.5957  1.324    3 -1.472 4.105 0.747 -0.676 -1.252 -1.630
0.01471 0.00000 9.87506 1.1182996035 2.4946990013    1.118  2.537  3.5925  1.272    3 -1.572 4.108 0.703 -0.737 -1.335 -1.726
0.01471 0.00000 9.87506 1.1183341742 2.4947047234    1.118  2.577  3.5892  1.219    3 -1.672 4.110 0.660 -0.796 -1.418 -1.822
0.01471 0.00000 9.87506 1.1183646917 2.4947094917    1.118  2.614  3.5860  1.168    3 -1.766 4.111 0.626 -0.842 -1.493 -1.912
0.01471 0.00000 9.87506 1.1183938980 2.4947142601    1.118  2.653  3.5827  1.116    3 -1.862 4.114 0.593 -0.889 -1.569 -2.003
0.01471 0.00000 9.87506 1.1184213161 2.4947187901    1.118  2.691  3.5793  1.064    3 -1.958 4.117 0.562 -0.933 -1.645 -2.095
0.01471 0.00000 9.87506 1.1184458733 2.4947226048    1.118  2.728  3.5760  1.015    3 -2.049 4.116 0.543 -0.958 -1.711 -2.181
0.01471 0.00000 9.87506 1.1184744835 2.4947273731    1.118  2.773  3.5718  0.952    3 -2.163 4.122 0.524 -0.987 -1.794 -2.289
0.01471 0.00000 9.87506 1.1185007095 2.4947316647    1.118  2.818  3.5676  0.891    3 -2.275 4.128 0.518 -0.997 -1.870 -2.393
0.01471 0.00000 9.87506 1.1185245514 2.4947354794    1.118  2.862  3.5633  0.830    3 -2.384 4.131 0.521 -0.994 -1.941 -2.494
0.01471 0.00000 9.87506 1.1185467243 2.4947390556    1.118  2.905  3.5590  0.769    3 -2.493 4.135 0.531 -0.983 -2.008 -2.593
0.01471 0.00000 9.87506 1.1185671091 2.4947423935    1.118  2.948  3.5547  0.709    3 -2.600 4.136 0.560 -0.946 -2.065 -2.686
0.01471 0.00000 9.87506 1.1185855865 2.4947452545    1.118  2.989  3.5504  0.651    3 -2.702 4.139 0.591 -0.907 -2.119 -2.776
0.01471 0.00000 9.87506 1.1186031103 2.4947481155    1.118  3.030  3.5460  0.592    3 -2.805 4.140 0.652 -0.836 -2.158 -2.857
0.01471 0.00000 9.87506 1.1186190844 2.4947507381    1.118  3.070  3.5416  0.535    3 -2.905 4.142 0.717 -0.760 -2.193 -2.935
0.01471 0.00000 9.87506 1.1186337471 2.4947531223    1.118  3.109  3.5373  0.478    3 -3.003 4.144 0.804 -0.665 -2.216 -3.004
0.01471 0.00000 9.87506 1.1186475754 2.4947552681    1.118  3.148  3.5329  0.422    3 -3.099 4.148 0.910 -0.552 -2.229 -3.066
0.01471 0.00000 9.87506 1.1186604500 2.4947574139    1.118  3.186  3.5284  0.367    3 -3.194 4.150 1.030 -0.429 -2.232 -3.121
0.01471 0.00000 9.87506 1.1186722517 2.4947593212    1.118  3.222  3.5240  0.312    3 -3.285 4.153 1.183 -0.286 -2.214 -3.158
0.01471 0.00000 9.87506 1.1186833382 2.4947612286    1.118  3.258  3.5196  0.259    3 -3.375 4.159 1.345 -0.133 -2.190 -3.190
0.01471 0.00000 9.87506 1.1186937094 2.4947628975    1.118  3.293  3.5152  0.206    3 -3.463 4.164 1.554 0.062 -2.133 -3.194
0.01471 0.00000 9.87506 1.1187033653 2.4947643280    1.118  3.328  3.5108  0.154    3 -3.549 4.171 1.766 0.259 -2.072 -3.195
0.01471 0.00000 9.87506 1.1187126637 2.4947657585    1.118  3.361  3.5064  0.103    3 -3.633 4.168 1.942 0.413 -2.021 -3.200
0.01471 0.00000 9.87506 1.1187241077 2.4947676659    1.118  3.401  3.5013  0.043    3 -3.732 4.166 2.157 0.599 -1.952 -3.198
0.01471 0.00000 9.87506 1.1187241077 2.4947676659    1.118  1.711  3.6701  2.408    4 0.491 4.229 1.789 0.800 0.475 0.266
0.01471 0.00000 9.87506 1.1188492775 2.4947879314    1.118  1.721  3.6693  2.394    4 0.466 4.226 1.772 0.778 0.451 0.240
0.01471 0.00000 9.87506 1.1189775467 2.4948086739    1.118  1.726  3.6691  2.389    4 0.455 4.222 1.764 0.768 0.440 0.229
0.01471 0.00000 9.87506 1.1191097498 2.4948301315    1.118  1.726  3.6693  2.390    4 0.456 4.217 1.762 0.767 0.440 0.230
0.01471 0.00000 9.87506 1.1192409992 2.4948513508    1.119  1.724  3.6697  2.394    4 0.460 4.210 1.762 0.770 0.444 0.234
0.01471 0.00000 9.87506 1.1193726063 2.4948725700    1.119  1.722  3.6702  2.398    4 0.465 4.204 1.763 0.773 0.449 0.239
0.01471 0.00000 9.87506 1.1195067167 2.4948942661    1.119  1.720  3.6706  2.402    4 0.471 4.199 1.764 0.777 0.454 0.245
0.01471 0.00000 9.87506 1.1196402311 2.4949157238    1.119  1.717  3.6711  2.406    4 0.476 4.194 1.765 0.781 0.459 0.251
0.01471 0.00000 9.87506 1.1197696924 2.4949367046    1.119  1.715  3.6715  2.409    4 0.481 4.189 1.767 0.785 0.463 0.256
0.01471 0.00000 9.87506 1.1198977232 2.4949572086    1.119  1.714  3.6718  2.413    4 0.486 4.184 1.768 0.788 0.467 0.261
0.01471 0.00000 9.87506 1.1200360060 2.4949796200    1.119  1.712  3.6722  2.416    4 0.490 4.179 1.768 0.791 0.470 0.264
0.01471 0.00000 9.87506 1.1201622486 2.4949998856    1.119  1.711  3.6725  2.418    4 0.493 4.175 1.768 0.793 0.473 0.268
0.01471 0.00000 9.87506 1.1203061342 2.4950232506    1.120  1.710  3.6728  2.421    4 0.496 4.170 1.768 0.795 0.475 0.271
0.01471 0.00000 9.87506 1.1204466820 2.4950459003    1.120  1.709  3.6731  2.423    4 0.498 4.165 1.768 0.796 0.477 0.273
0.01471 0.00000 9.87506 1.1205203533 2.4950575829    1.120  1.708  3.6733  2.424    4 0.499 4.163 1.768 0.797 0.478 0.274
0.01471 0.00000 9.87506 1.1205784082 2.4950671196    1.120  1.708  3.6734  2.424    4 0.500 4.161 1.767 0.797 0.479 0.275
0.01471 0.00000 9.87506 1.1207084656 2.4950881004    1.120  1.708  3.6736  2.426    4 0.501 4.157 1.767 0.797 0.480 0.276
0.01471 0.00000 9.87506 1.1208356619 2.4951083660    1.120  1.707  3.6737  2.427    4 0.502 4.154 1.766 0.797 0.480 0.277
0.01471 0.00000 9.87506 1.1209671497 2.4951295853    1.120  1.707  3.6739  2.428    4 0.502 4.150 1.764 0.797 0.480 0.277
0.01471 0.00000 9.87506 1.1210917234 2.4951496124    1.120  1.708  3.6740  2.428    4 0.501 4.147 1.763 0.796 0.479 0.276
0.01471 0.00000 9.87506 1.1212220192 2.4951705933    1.120  1.708  3.6741  2.427    4 0.499 4.144 1.761 0.794 0.478 0.275
0.01471 0.00000 9.87506 1.1213518381 2.4951915741    1.121  1.709  3.6741  2.427    4 0.497 4.141 1.758 0.792 0.475 0.272
0.01471 0.00000 9.87506 1.1214468479 2.4952068329    1.121  1.710  3.6741  2.426    4 0.495 4.140 1.756 0.789 0.473 0.270
0.01471 0.00000 9.87506 1.1215034723 2.4952158928    1.121  1.711  3.6740  2.425    4 0.493 4.138 1.754 0.788 0.471 0.268
0.01471 0.00000 9.87506 1.1216310263 2.4952363968    1.121  1.713  3.6740  2.423    4 0.488 4.136 1.751 0.783 0.466 0.264
0.01471 0.00000 9.87506 1.1217530966 2.4952559471    1.121  1.715  3.6738  2.420    4 0.482 4.135 1.746 0.778 0.461 0.258
0.01471 0.00000 9.87506 1.1218757629 2.4952757359    1.121  1.718  3.6736  2.416    4 0.475 4.133 1.741 0.771 0.454 0.250
0.01471 0.00000 9.87506 1.1219983101 2.4952955246    1.121  1.722  3.6733  2.411    4 0.466 4.131 1.735 0.763 0.445 0.241
0.01471 0.00000 9.87506 1.1221201420 2.4953150749    1.121  1.726  3.6729  2.406    4 0.455 4.130 1.727 0.753 0.434 0.230
0.01471 0.00000 9.87506 1.1222403049 2.4953343868    1.122  1.731  3.6725  2.398    4 0.442 4.129 1.718 0.742 0.422 0.217
0.01471 0.00000 9.87506 1.1223596334 2.4953534603    1.122  1.737  3.6720  2.391    4 0.427 4.128 1.709 0.729 0.408 0.202
0.01471 0.00000 9.87506 1.1224802732 2.4953727722    1.122  1.744  3.6713  2.381    4 0.410 4.127 1.698 0.714 0.392 0.184
0.01471 0.00000 9.87506 1.1226028204 2.4953925610    1.122  1.753  3.6705  2.369    4 0.388 4.127 1.684 0.695 0.370 0.162
0.01471 0.00000 9.87506 1.1227155924 2.4954106808    1.122  1.752  3.6707  2.370    4 0.390 4.125 1.683 0.695 0.372 0.163
0.01471 0.00000 9.87506 1.1228380203 2.4954302311    1.122  1.773  3.6687  2.342    4 0.337 4.126 1.651 0.650 0.322 0.110
0.01471 0.00000 9.87506 1.1229566336 2.4954493046    1.122  1.809  3.6654  2.293    4 0.249 4.126 1.596 0.574 0.239 0.021
0.01471 0.00000 9.87506 1.1230198145 2.4954593182    1.122  1.846  3.6620  2.243    4 0.156 4.127 1.539 0.495 0.151 -0.072
0.01471 0.00000 9.87506 1.1230540276 2.4954648018    1.122  1.884  3.6586  2.190    4 0.059 4.128 1.479 0.412 0.060 -0.169
0.01471 0.00000 9.87506 1.1230722666 2.4954679012    1.122  1.923  3.6551  2.137    4 -0.038 4.131 1.421 0.330 -0.030 -0.266
0.01471 0.00000 9.87506 1.1230818033 2.4954693317    1.122  1.961  3.6517  2.086    4 -0.133 4.136 1.364 0.249 -0.119 -0.361
0.01471 0.00000 9.87506 1.1230870485 2.4954700470    1.122  2.000  3.6484  2.034    4 -0.229 4.141 1.308 0.170 -0.208 -0.456
0.01471 0.00000 9.87506 1.1230902672 2.4954707623    1.122  2.037  3.6452  1.984    4 -0.322 4.139 1.254 0.093 -0.293 -0.547
0.01471 0.00000 9.87506 1.1230924129 2.4954710007    1.122  2.072  3.6422  1.937    4 -0.409 4.117 1.202 0.022 -0.372 -0.632
0.01471 0.00000 9.87506 1.1230925322 2.4954710007    1.122  2.074  3.6420  1.935    7 -0.414 4.115 1.199 0.018 -0.376 -0.636
0.01471 0.00000 9.87506 1.1230936050 2.4954712391    1.122  2.094  3.6403  1.907    7 -0.466 4.101 1.168 -0.025 -0.423 -0.686
0.01471 0.00000 9.87506 1.1230956316 2.4954714775    1.122  2.136  3.6367  1.851    7 -0.570 4.070 1.106 -0.108 -0.517 -0.787
0.01471 0.00000 9.87506 1.1230975389 2.4954719543    1.122  2.170  3.6339  1.806    7 -0.654 4.044 1.056 -0.175 -0.592 -0.867
0.01471 0.00000 9.87506 1.1230994463 2.4954721928    1.122  2.198  3.6315  1.769    7 -0.724 4.020 1.013 -0.231 -0.654 -0.934
0.01471 0.00000 9.87506 1.1231044531 2.4954729080    1.122  2.202  3.6312  1.763    7 -0.734 4.015 1.006 -0.240 -0.664 -0.944
0.01471 0.00000 9.87506 1.1231085062 2.4954736233    1.122  2.168  3.6341  1.809    7 -0.649 4.043 1.057 -0.172 -0.588 -0.863
0.01471 0.00000 9.87506 1.1231184006 2.4954752922    1.122  2.134  3.6370  1.854    7 -0.566 4.069 1.107 -0.105 -0.514 -0.783
0.01471 0.00000 9.87506 1.1231981516 2.4954879284    1.122  2.128  3.6374  1.862    7 -0.549 4.076 1.118 -0.092 -0.499 -0.767
0.01471 0.00000 9.87506 1.1232595444 2.4954977036    1.123  2.168  3.6339  1.808    7 -0.651 4.046 1.058 -0.172 -0.589 -0.864
0.01471 0.00000 9.87506 1.1233111620 2.4955060482    1.123  2.211  3.6303  1.750    7 -0.759 4.011 0.993 -0.258 -0.685 -0.967
0.01471 0.00000 9.87506 1.1233546734 2.4955129623    1.123  2.254  3.6266  1.692    7 -0.866 3.970 0.929 -0.340 -0.779 -1.068
0.01471 0.00000 9.87506 1.1233913898 2.4955189228    1.123  2.297  3.6230  1.636    7 -0.972 3.928 0.865 -0.422 -0.871 -1.169
0.01471 0.00000 9.87506 1.1234227419 2.4955239296    1.123  2.339  3.6195  1.580    7 -1.076 3.885 0.801 -0.502 -0.962 -1.267
0.01471 0.00000 9.87506 1.1234499216 2.4955282211    1.123  2.380  3.6159  1.524    7 -1.180 3.841 0.739 -0.579 -1.050 -1.364
0.01471 0.00000 9.87506 1.1234737635 2.4955320358    1.123  2.421  3.6123  1.468    7 -1.284 3.830 0.683 -0.654 -1.139 -1.462
0.01471 0.00000 9.87506 1.1234948635 2.4955353737    1.123  2.462  3.6088  1.413    7 -1.386 3.845 0.634 -0.726 -1.227 -1.561
0.01471 0.00000 9.87506 1.1235140562 2.4955384731    1.123  2.503  3.6052  1.358    7 -1.488 3.858 0.587 -0.795 -1.314 -1.659
0.01471 0.00000 9.87506 1.1235318184 2.4955413342    1.123  2.544  3.6016  1.302    7 -1.591 3.875 0.541 -0.863 -1.401 -1.757
0.01471 0.00000 9.87506 1.1235482693 2.4955439568    1.123  2.585  3.5980  1.247    7 -1.692 3.888 0.499 -0.926 -1.485 -1.854
0.01471 0.00000 9.87506 1.1235640049 2.4955465794    1.123  2.626  3.5943  1.191    7 -1.796 3.900 0.459 -0.985 -1.569 -1.953
0.01471 0.00000 9.87506 1.1235787868 2.4955489635    1.123  2.667  3.5905  1.136    7 -1.897 3.914 0.420 -1.042 -1.652 -2.049
0.01471 0.00000 9.87506 1.1235926151 2.4955511093    1.123  2.708  3.5867  1.079    7 -1.999 3.926 0.389 -1.090 -1.732 -2.147
0.01471 0.00000 9.87506 1.1236057281 2.4955532551    1.123  2.747  3.5830  1.025    7 -2.098 3.937 0.361 -1.134 -1.808 -2.240
0.01471 0.00000 9.87506 1.1236183643 2.4955551624    1.123  2.787  3.5790  0.969    7 -2.198 3.954 0.340 -1.169 -1.883 -2.335
0.01471 0.00000 9.87506 1.1236287355 2.4955568314    1.123  2.828  3.5749  0.912    7 -2.301 3.966 0.329 -1.190 -1.956 -2.432
0.01471 0.00000 9.87506 1.1236355305 2.4955580235    1.123  2.868  3.5709  0.856    7 -2.400 3.981 0.321 -1.207 -2.025 -2.524
0.01471 0.00000 9.87506 1.1236405373 2.4955587387    1.123  2.905  3.5669  0.803    7 -2.493 3.991 0.327 -1.203 -2.084 -2.611
0.01471 0.00000 9.87506 1.1236449480 2.4955594540    1.123  2.943  3.5629  0.749    7 -2.587 4.001 0.340 -1.189 -2.141 -2.696
0.01471 0.00000 9.87506 1.1236490011 2.4955601692    1.123  2.981  3.5587  0.694    7 -2.682 4.011 0.360 -1.166 -2.195 -2.782
0.01471 0.00000 9.87506 1.1236528158 2.4955608845    1.123  3.019  3.5545  0.639    7 -2.778 4.018 0.398 -1.120 -2.242 -2.864
0.01471 0.00000 9.87506 1.1236566305 2.4955613613    1.123  3.060  3.5498  0.580    7 -2.880 4.029 0.443 -1.065 -2.290 -2.951
0.01471 0.00000 9.87506 1.1236600876 2.4955618382    1.123  3.097  3.5455  0.526    7 -2.972 4.035 0.513 -0.984 -2.318 -3.022
0.01471 0.00000 9.87506 1.1236640215 2.4955625534    1.123  3.136  3.5408  0.468    7 -3.070 4.045 0.595 -0.889 -2.346 -3.096
0.01471 0.00000 9.87506 1.1236683130 2.4955632687    1.123  3.174  3.5362  0.411    7 -3.164 4.053 0.705 -0.770 -2.357 -3.158
0.01471 0.00000 9.87506 1.1236727238 2.4955639839    1.123  3.210  3.5317  0.358    7 -3.254 4.061 0.817 -0.650 -2.364 -3.214
0.01471 0.00000 9.87506 1.1236755848 2.4955644608    1.123  3.216  3.5310  0.349    7 -3.270 4.062 0.835 -0.632 -2.366 -3.224
0.01471 0.00000 9.87506 1.1236757040 2.4955644608    1.123  3.210  3.5318  0.358    7 -3.254 4.060 0.814 -0.654 -2.366 -3.215
0.01471 0.00000 9.87506 1.1236760616 2.4955644608    1.123  3.215  3.5311  0.349    7 -3.268 4.062 0.833 -0.633 -2.366 -3.224
0.01471 0.00000 9.87506 1.1236763000 2.4955644608    1.123  3.225  3.5298  0.335    7 -3.292 4.064 0.867 -0.597 -2.365 -3.238
0.01471 0.00000 9.87506 1.1236765385 2.4955646992    1.123  3.236  3.5283  0.317    7 -3.321 4.067 0.922 -0.545 -2.357 -3.248
0.01471 0.00000 9.87506 1.1236768961 2.4955646992    1.123  3.256  3.5258  0.288    7 -3.369 4.072 1.014 -0.459 -2.342 -3.264
0.01471 0.00000 9.87506 1.1236772537 2.4955646992    1.123  3.285  3.5218  0.243    7 -3.442 4.083 1.162 -0.317 -2.315 -3.288
0.01471 0.00000 9.87506 1.1236778498 2.4955646992    1.123  3.320  3.5171  0.189    7 -3.529 4.094 1.375 -0.118 -2.259 -3.296
0.01471 0.00000 9.87506 1.1236786842 2.4955649376    1.123  3.347  3.5132  0.146    7 -3.597 4.104 1.563 0.059 -2.201 -3.291
#isochrone terminated
