# File generated by CMD 3.3 (http://stev.oapd.inaf.it/cmd) on Tue Dec 10 23:24:41 CET 2019
# isochrones based on PARSEC release v1.2S
# Basic references: Bressan et al. (2012), MNRAS, 427, 127 + Chen et al. (2014, 2015), MNRAS, 444, 2525 + MNRAS, 452, 1068 + Tang et al. (2014), MNRAS, 445, 4287
# On RGB, assumed Reimers mass loss with efficiency eta=0.2
# Photometric system: <i>UBVRIJHK</i> (cf. Maiz-Apellaniz 2006 + Bessell 1990)
# Using YBC version of bolometric corrections as in Chen et al. (2019)
# O-rich circumstellar dpmod60alox40 dust from Groenewegen (2006)
# C-rich circumstellar AMCSIC15 dust from Groenewegen (2006)
# IMF: Kroupa (2001, 2002) + Kroupa et al. (2013) canonical two-part-power law IMF corrected for unresolved binaries 
# Kind of output: isochrone tables
# Zini     MH   logAge Mini        int_IMF         Mass   logL    logTe  logg  label 	 mbolmag  Umag    Bmag    Vmag    Rmag    Imag    Jmag    Hmag    Kmag
0.017873 0.09000 9.39794 0.0900000036 1.0816895962    0.090 -3.432  3.3575  5.206    0 13.350 22.461 19.941 18.135 16.023 13.793 11.271 10.665 10.366
0.017873 0.09000 9.39794 0.0955582857 1.1328942776    0.096 -3.332  3.3714  5.188    0 13.100 22.176 19.676 17.875 15.770 13.543 11.022 10.416 10.115
0.017873 0.09000 9.39794 0.1000000015 1.1711064577    0.100 -3.256  3.3819  5.174    0 12.910 21.959 19.474 17.678 15.578 13.353 10.832 10.227 9.925
0.017873 0.09000 9.39794 0.1200000048 1.3193155527    0.120 -3.000  3.4146  5.128    1 12.271 21.233 18.798 17.015 14.931 12.714 10.194 9.591 9.284
0.017873 0.09000 9.39794 0.1300523877 1.3821759224    0.130 -2.903  3.4259  5.110    0 12.027 20.482 18.211 16.464 14.488 12.347 9.970 9.367 9.058
0.017873 0.09000 9.39794 0.1400000006 1.4384527206    0.140 -2.813  3.4362  5.094    0 11.803 19.702 17.598 15.897 14.041 11.985 9.770 9.166 8.859
0.017873 0.09000 9.39794 0.1599999964 1.5372931957    0.160 -2.671  3.4501  5.066    1 11.448 18.670 16.759 15.119 13.408 11.463 9.447 8.841 8.538
0.017873 0.09000 9.39794 0.2000000030 1.6938791275    0.200 -2.456  3.4689  5.023    1 10.911 17.316 15.627 14.045 12.518 10.737 8.954 8.346 8.052
0.017873 0.09000 9.39794 0.2500000000 1.8403258324    0.250 -2.253  3.4854  4.982    0 10.402 16.204 14.664 13.123 11.732 10.096 8.485 7.874 7.592
0.017873 0.09000 9.39794 0.3000000119 1.9529139996    0.300 -2.093  3.4970  4.948    1 10.003 15.443 13.986 12.472 11.162 9.622 8.114 7.500 7.228
0.017873 0.09000 9.39794 0.3423470259 2.0306932926    0.342 -1.956  3.5045  4.899    0 9.660 14.882 13.478 11.990 10.727 9.241 7.788 7.170 6.904
0.017873 0.09000 9.39794 0.3500000238 2.0434176922    0.350 -1.935  3.5060  4.893    0 9.608 14.791 13.395 11.911 10.657 9.181 7.739 7.120 6.856
0.017873 0.09000 9.39794 0.3589147627 2.0577912331    0.359 -1.907  3.5080  4.885    0 9.539 14.669 13.283 11.805 10.563 9.101 7.675 7.054 6.792
0.017873 0.09000 9.39794 0.3682574332 2.0723652840    0.368 -1.880  3.5102  4.877    0 9.469 14.545 13.170 11.698 10.468 9.021 7.610 6.989 6.729
0.017873 0.09000 9.39794 0.4000000358 2.1185026169    0.400 -1.793  3.5173  4.854    0 9.252 14.167 12.818 11.361 10.168 8.772 7.410 6.783 6.529
0.017873 0.09000 9.39794 0.4499999881 2.1822810173    0.450 -1.645  3.5293  4.805    1 8.883 13.558 12.242 10.813 9.677 8.358 7.071 6.433 6.190
0.017873 0.09000 9.39794 0.5000000000 2.2374541759    0.500 -1.494  3.5432  4.756    1 8.505 12.960 11.654 10.253 9.173 7.936 6.728 6.078 5.846
0.017873 0.09000 9.39794 0.5026826262 2.2402026653    0.503 -1.485  3.5442  4.753    1 8.483 12.923 11.617 10.218 9.141 7.911 6.708 6.057 5.826
0.017873 0.09000 9.39794 0.5500000119 2.2836582661    0.550 -1.334  3.5611  4.709    1 8.105 12.333 11.010 9.628 8.609 7.489 6.376 5.711 5.494
0.017873 0.09000 9.39794 0.6000000238 2.3211214542    0.600 -1.173  3.5835  4.675    1 7.702 11.694 10.329 8.961 8.004 7.042 6.035 5.352 5.161
0.017873 0.09000 9.39794 0.6499999762 2.3520355225    0.650 -1.010  3.6104  4.655    1 7.296 11.032 9.610 8.292 7.399 6.604 5.694 5.002 4.853
0.017873 0.09000 9.39794 0.6694127321 2.3626165390    0.669 -0.948  3.6216  4.650    1 7.141 10.753 9.320 8.035 7.169 6.438 5.565 4.879 4.746
0.017873 0.09000 9.39794 0.7000000477 2.3779268265    0.700 -0.854  3.6388  4.644    1 6.904 10.276 8.864 7.644 6.825 6.191 5.372 4.702 4.594
0.017873 0.09000 9.39794 0.7389213443 2.3953170776    0.739 -0.734  3.6624  4.643    1 6.606 9.482 8.250 7.141 6.405 5.876 5.141 4.531 4.443
0.017873 0.09000 9.39794 0.7500000000 2.3998889923    0.750 -0.701  3.6689  4.642    1 6.523 9.254 8.085 7.008 6.297 5.790 5.078 4.488 4.404
0.017873 0.09000 9.39794 0.7992638946 2.4184668064    0.799 -0.569  3.6891  4.617    1 6.191 8.474 7.517 6.536 5.905 5.450 4.810 4.286 4.211
0.017873 0.09000 9.39794 0.8412859440 2.4323523045    0.841 -0.459  3.7056  4.596    1 5.917 7.862 7.078 6.169 5.599 5.177 4.593 4.118 4.051
0.017873 0.09000 9.39794 0.8485277891 2.4345860481    0.848 -0.441  3.7084  4.593    1 5.871 7.762 7.007 6.109 5.548 5.131 4.556 4.090 4.024
0.017873 0.09000 9.39794 0.8584411740 2.4375736713    0.858 -0.415  3.7120  4.587    1 5.808 7.630 6.911 6.029 5.479 5.070 4.507 4.051 3.986
0.017873 0.09000 9.39794 0.8977917433 2.4486880302    0.897 -0.318  3.7261  4.565    1 5.564 7.132 6.552 5.724 5.218 4.832 4.314 3.896 3.837
0.017873 0.09000 9.39794 0.9130152464 2.4526934624    0.912 -0.280  3.7311  4.555    1 5.471 6.952 6.420 5.612 5.120 4.743 4.240 3.835 3.779
0.017873 0.09000 9.39794 0.9470555782 2.4611163139    0.947 -0.198  3.7421  4.533    1 5.266 6.562 6.133 5.369 4.909 4.550 4.081 3.703 3.652
0.017873 0.09000 9.39794 0.9769814610 2.4679663181    0.977 -0.127  3.7509  4.511    1 5.089 6.230 5.892 5.166 4.732 4.387 3.943 3.585 3.538
0.017873 0.09000 9.39794 0.9963194728 2.4721417427    0.996 -0.082  3.7564  4.496    1 4.975 6.029 5.743 5.039 4.620 4.284 3.854 3.509 3.465
0.017873 0.09000 9.39794 1.0065275431 2.4742717743    1.006 -0.058  3.7591  4.488    1 4.916 5.927 5.666 4.973 4.561 4.229 3.807 3.468 3.425
0.017873 0.09000 9.39794 1.0331630707 2.4796020985    1.033  0.003  3.7660  4.465    1 4.762 5.675 5.468 4.804 4.411 4.090 3.686 3.362 3.322
0.017873 0.09000 9.39794 1.0455833673 2.4819812775    1.045  0.032  3.7691  4.454    1 4.691 5.560 5.377 4.727 4.341 4.026 3.630 3.312 3.274
0.017873 0.09000 9.39794 1.0587781668 2.4844384193    1.058  0.062  3.7722  4.442    1 4.616 5.443 5.282 4.646 4.268 3.958 3.570 3.259 3.223
0.017873 0.09000 9.39794 1.0837633610 2.4889035225    1.083  0.118  3.7779  4.418    1 4.475 5.227 5.105 4.495 4.132 3.830 3.458 3.159 3.125
0.017873 0.09000 9.39794 1.0948473215 2.4908092022    1.094  0.143  3.7803  4.407    1 4.412 5.135 5.028 4.428 4.071 3.774 3.408 3.114 3.082
0.017873 0.09000 9.39794 1.1112701893 2.4935529232    1.110  0.179  3.7837  4.391    1 4.321 5.006 4.918 4.333 3.984 3.692 3.334 3.047 3.016
0.017873 0.09000 9.39794 1.1343898773 2.4972610474    1.134  0.230  3.7882  4.367    1 4.194 4.830 4.765 4.200 3.861 3.577 3.230 2.953 2.923
0.017873 0.09000 9.39794 1.1441111565 2.4987688065    1.143  0.252  3.7901  4.357    1 4.141 4.758 4.701 4.144 3.810 3.528 3.186 2.913 2.884
0.017873 0.09000 9.39794 1.1588149071 2.5009942055    1.158  0.283  3.7928  4.341    1 4.061 4.652 4.607 4.062 3.734 3.456 3.120 2.852 2.825
0.017873 0.09000 9.39794 1.1813272238 2.5042781830    1.181  0.331  3.7966  4.317    1 3.942 4.497 4.466 3.938 3.619 3.348 3.021 2.761 2.734
0.017873 0.09000 9.39794 1.1933751106 2.5059773922    1.193  0.356  3.7985  4.304    1 3.879 4.417 4.393 3.873 3.558 3.290 2.968 2.711 2.686
0.017873 0.09000 9.39794 1.2147519588 2.5088970661    1.214  0.399  3.8013  4.280    1 3.772 4.286 4.271 3.763 3.455 3.192 2.876 2.625 2.601
0.017873 0.09000 9.39794 1.2426390648 2.5125327110    1.242  0.453  3.8041  4.248    1 3.639 4.130 4.122 3.627 3.325 3.067 2.758 2.513 2.489
0.017873 0.09000 9.39794 1.2907314301 2.5183801651    1.291  0.537  3.8071  4.192    1 3.427 3.897 3.893 3.412 3.118 2.864 2.562 2.324 2.301
0.017873 0.09000 9.39794 1.2919027805 2.5185163021    1.292  0.539  3.8072  4.191    1 3.422 3.891 3.888 3.407 3.113 2.859 2.557 2.319 2.296
0.017873 0.09000 9.39794 1.2948008776 2.5188519955    1.295  0.544  3.8073  4.187    1 3.410 3.878 3.875 3.394 3.100 2.847 2.545 2.307 2.284
0.017873 0.09000 9.39794 1.3350946903 2.5233466625    1.335  0.612  3.8074  4.133    1 3.241 3.710 3.703 3.224 2.931 2.679 2.377 2.140 2.117
0.017873 0.09000 9.39794 1.3411667347 2.5239973068    1.341  0.622  3.8073  4.125    1 3.216 3.686 3.678 3.199 2.906 2.653 2.351 2.114 2.091
0.017873 0.09000 9.39794 1.3414438963 2.5240268707    1.341  0.622  3.8073  4.125    1 3.214 3.685 3.677 3.198 2.905 2.652 2.350 2.113 2.090
0.017873 0.09000 9.39794 1.3879441023 2.5287895203    1.388  0.700  3.8062  4.057    1 3.019 3.501 3.484 3.002 2.707 2.453 2.149 1.910 1.886
0.017873 0.09000 9.39794 1.3904305696 2.5290338993    1.390  0.705  3.8061  4.053    1 3.009 3.492 3.474 2.992 2.697 2.443 2.138 1.899 1.875
0.017873 0.09000 9.39794 1.4215986729 2.5320141315    1.422  0.757  3.8050  4.006    1 2.877 3.370 3.346 2.860 2.564 2.308 2.001 1.760 1.736
0.017873 0.09000 9.39794 1.4396945238 2.5336763859    1.440  0.787  3.8040  3.977    1 2.802 3.305 3.275 2.786 2.487 2.230 1.920 1.678 1.653
0.017873 0.09000 9.39794 1.4526562691 2.5348377228    1.453  0.809  3.8028  3.955    1 2.748 3.260 3.226 2.732 2.431 2.173 1.860 1.616 1.590
0.017873 0.09000 9.39794 1.4858564138 2.5377066135    1.486  0.863  3.7988  3.894    1 2.613 3.160 3.109 2.599 2.290 2.025 1.703 1.452 1.425
0.017873 0.09000 9.39794 1.4889584780 2.5379672050    1.489  0.868  3.7983  3.888    1 2.600 3.152 3.099 2.587 2.277 2.012 1.688 1.436 1.409
0.017873 0.09000 9.39794 1.4962378740 2.5385737419    1.496  0.879  3.7968  3.874    1 2.574 3.140 3.081 2.562 2.249 1.981 1.654 1.399 1.371
0.017873 0.09000 9.39794 1.5149750710 2.5401041508    1.515  0.905  3.7925  3.835    1 2.508 3.114 3.038 2.501 2.179 1.904 1.566 1.302 1.272
0.017873 0.09000 9.39794 1.5328402519 2.5415234566    1.533  0.929  3.7877  3.797    1 2.447 3.099 3.003 2.446 2.113 1.830 1.481 1.208 1.176
0.017873 0.09000 9.39794 1.5382223129 2.5419435501    1.538  0.937  3.7863  3.785    1 2.427 3.092 2.990 2.427 2.091 1.806 1.453 1.177 1.145
0.017873 0.09000 9.39794 1.5489099026 2.5427680016    1.549  0.953  3.7832  3.760    1 2.387 3.083 2.967 2.391 2.049 1.759 1.398 1.116 1.082
0.017873 0.09000 9.39794 1.5565330982 2.5433478355    1.556  0.970  3.7820  3.740    1 2.346 3.055 2.933 2.352 2.007 1.715 1.351 1.066 1.032
0.017873 0.09000 9.39794 1.5596454144 2.5435829163    1.559  0.990  3.7841  3.730    1 2.296 2.985 2.871 2.299 1.958 1.670 1.311 1.031 0.997
0.017873 0.09000 9.39794 1.5637203455 2.5438888073    1.563  1.030  3.7895  3.712    1 2.194 2.831 2.736 2.189 1.861 1.582 1.237 0.968 0.937
0.017873 0.09000 9.39794 1.5646768808 2.5439603329    1.564  1.063  3.7948  3.700    1 2.112 2.703 2.623 2.099 1.784 1.514 1.182 0.925 0.895
0.017873 0.09000 9.39794 1.5650554895 2.5439887047    1.565  1.098  3.8001  3.687    1 2.025 2.570 2.505 2.005 1.702 1.441 1.122 0.876 0.848
0.017873 0.09000 9.39794 1.5652475357 2.5440030098    1.565  1.129  3.8045  3.674    1 1.948 2.461 2.404 1.924 1.630 1.377 1.068 0.832 0.805
0.017873 0.09000 9.39794 1.5653136969 2.5440080166    1.565  1.141  3.8062  3.669    1 1.919 2.420 2.365 1.892 1.603 1.352 1.048 0.815 0.789
0.017873 0.09000 9.39794 1.5653949976 2.5440139771    1.565  1.107  3.8026  3.688    2 2.002 2.529 2.469 1.980 1.682 1.426 1.112 0.872 0.844
0.017873 0.09000 9.39794 1.5654798746 2.5440204144    1.565  1.086  3.7969  3.686    2 2.056 2.629 2.554 2.040 1.729 1.463 1.136 0.884 0.855
0.017873 0.09000 9.39794 1.5656497478 2.5440330505    1.565  1.085  3.7875  3.650    2 2.059 2.717 2.610 2.055 1.723 1.441 1.091 0.819 0.787
0.017873 0.09000 9.39794 1.5659672022 2.5440568924    1.566  1.088  3.7771  3.605    2 2.050 2.814 2.664 2.062 1.707 1.407 1.030 0.736 0.699
0.017873 0.09000 9.39794 1.5665198565 2.5440979004    1.566  1.075  3.7663  3.575    2 2.082 2.969 2.765 2.116 1.736 1.417 1.011 0.691 0.651
0.017873 0.09000 9.39794 1.5671721697 2.5441465378    1.567  1.051  3.7568  3.561    2 2.142 3.144 2.887 2.198 1.795 1.460 1.028 0.685 0.641
0.017873 0.09000 9.39794 1.5677293539 2.5441880226    1.567  1.026  3.7493  3.557    2 2.206 3.305 3.000 2.280 1.859 1.512 1.058 0.698 0.650
0.017873 0.09000 9.39794 1.5682846308 2.5442295074    1.568  0.997  3.7417  3.556    2 2.279 3.486 3.124 2.375 1.935 1.575 1.099 0.718 0.668
0.017873 0.09000 9.39794 1.5688382387 2.5442705154    1.569  0.967  3.7340  3.554    2 2.352 3.670 3.252 2.473 2.014 1.642 1.141 0.741 0.688
0.017873 0.09000 9.39794 1.5694818497 2.5443184376    1.569  0.941  3.7251  3.545    2 2.417 3.867 3.382 2.568 2.088 1.701 1.172 0.748 0.692
0.017873 0.09000 9.39794 1.5703059435 2.5443794727    1.570  0.939  3.7148  3.506    2 2.422 4.035 3.465 2.612 2.107 1.702 1.140 0.687 0.627
0.017873 0.09000 9.39794 1.5710350275 2.5444335938    1.571  0.968  3.7075  3.448    2 2.349 4.088 3.453 2.569 2.045 1.627 1.039 0.566 0.503
0.017873 0.09000 9.39794 1.5715856552 2.5444743633    1.571  1.011  3.7034  3.388    3 2.242 4.053 3.382 2.480 1.945 1.519 0.917 0.433 0.368
0.017873 0.09000 9.39794 1.5720436573 2.5445082188    1.572  1.051  3.7003  3.337    3 2.142 4.007 3.309 2.393 1.850 1.419 0.807 0.314 0.247
0.017873 0.09000 9.39794 1.5725005865 2.5445420742    1.572  1.095  3.6977  3.282    3 2.033 3.949 3.225 2.297 1.747 1.310 0.689 0.188 0.120
0.017873 0.09000 9.39794 1.5729566813 2.5445756912    1.573  1.140  3.6952  3.227    3 1.919 3.883 3.135 2.195 1.638 1.196 0.566 0.058 -0.011
0.017873 0.09000 9.39794 1.5734119415 2.5446093082    1.573  1.187  3.6927  3.170    3 1.802 3.813 3.041 2.089 1.526 1.080 0.440 -0.075 -0.145
0.017873 0.09000 9.39794 1.5738662481 2.5446426868    1.574  1.235  3.6903  3.113    3 1.683 3.741 2.945 1.982 1.413 0.961 0.313 -0.209 -0.280
0.017873 0.09000 9.39794 1.5744100809 2.5446829796    1.574  1.292  3.6873  3.044    3 1.540 3.657 2.833 1.855 1.277 0.819 0.160 -0.370 -0.443
0.017873 0.09000 9.39794 1.5749528408 2.5447227955    1.575  1.348  3.6844  2.976    3 1.400 3.574 2.722 1.730 1.144 0.680 0.010 -0.529 -0.603
0.017873 0.09000 9.39794 1.5754066706 2.5447561741    1.575  1.395  3.6819  2.920    3 1.283 3.506 2.630 1.626 1.034 0.565 -0.114 -0.660 -0.736
0.017873 0.09000 9.39794 1.5759016275 2.5447926521    1.576  1.446  3.6792  2.858    3 1.155 3.434 2.530 1.514 0.914 0.439 -0.251 -0.805 -0.882
0.017873 0.09000 9.39794 1.5763220787 2.5448236465    1.576  1.490  3.6767  2.804    3 1.045 3.375 2.446 1.418 0.811 0.331 -0.368 -0.930 -1.008
0.017873 0.09000 9.39794 1.5766892433 2.5448505878    1.576  1.529  3.6745  2.756    3 0.947 3.325 2.371 1.333 0.720 0.235 -0.473 -1.042 -1.121
0.017873 0.09000 9.39794 1.5771003962 2.5448808670    1.577  1.574  3.6719  2.701    3 0.835 3.268 2.287 1.237 0.616 0.125 -0.593 -1.169 -1.250
0.017873 0.09000 9.39794 1.5774646997 2.5449075699    1.577  1.614  3.6694  2.652    3 0.735 3.219 2.213 1.151 0.523 0.027 -0.700 -1.284 -1.367
0.017873 0.09000 9.39794 1.5778585672 2.5449364185    1.577  1.659  3.6667  2.596    3 0.623 3.167 2.132 1.057 0.421 -0.082 -0.820 -1.411 -1.497
0.017873 0.09000 9.39794 1.5782315731 2.5449638367    1.578  1.702  3.6640  2.542    3 0.514 3.118 2.053 0.965 0.321 -0.188 -0.936 -1.536 -1.623
0.017873 0.09000 9.39794 1.5785930157 2.5449903011    1.578  1.745  3.6613  2.488    3 0.407 3.073 1.977 0.876 0.222 -0.292 -1.051 -1.659 -1.748
0.017873 0.09000 9.39794 1.5789332390 2.5450150967    1.579  1.784  3.6588  2.440    3 0.311 3.048 1.914 0.796 0.134 -0.387 -1.155 -1.770 -1.861
0.017873 0.09000 9.39794 1.5793192387 2.5450434685    1.579  1.820  3.6565  2.394    3 0.220 3.026 1.856 0.723 0.052 -0.475 -1.253 -1.875 -1.967
0.017873 0.09000 9.39794 1.5798548460 2.5450825691    1.579  1.856  3.6542  2.350    3 0.131 3.003 1.799 0.650 -0.029 -0.562 -1.348 -1.977 -2.071
0.017873 0.09000 9.39794 1.5801064968 2.5451009274    1.580  1.838  3.6555  2.373    3 0.176 3.011 1.826 0.686 0.011 -0.518 -1.300 -1.925 -2.018
0.017873 0.09000 9.39794 1.5803723335 2.5451204777    1.580  1.808  3.6575  2.411    3 0.250 3.026 1.872 0.745 0.078 -0.446 -1.220 -1.839 -1.930
0.017873 0.09000 9.39794 1.5805479288 2.5451331139    1.580  1.770  3.6601  2.459    3 0.344 3.045 1.930 0.820 0.163 -0.355 -1.118 -1.729 -1.819
0.017873 0.09000 9.39794 1.5806972980 2.5451440811    1.580  1.730  3.6628  2.510    3 0.446 3.074 1.997 0.904 0.256 -0.255 -1.008 -1.611 -1.699
0.017873 0.09000 9.39794 1.5808606148 2.5451560020    1.580  1.682  3.6660  2.570    3 0.564 3.123 2.081 1.002 0.364 -0.140 -0.881 -1.475 -1.560
0.017873 0.09000 9.39794 1.5809940100 2.5451657772    1.581  1.644  3.6685  2.618    3 0.659 3.164 2.148 1.081 0.450 -0.048 -0.779 -1.365 -1.449
0.017873 0.09000 9.39794 1.5811619759 2.5451779366    1.581  1.602  3.6712  2.672    3 0.766 3.210 2.224 1.170 0.548 0.056 -0.664 -1.242 -1.324
0.017873 0.09000 9.39794 1.5813165903 2.5451893806    1.581  1.571  3.6732  2.710    3 0.841 3.245 2.279 1.235 0.618 0.130 -0.583 -1.155 -1.235
0.017873 0.09000 9.39794 1.5814833641 2.5452015400    1.581  1.591  3.6720  2.686    3 0.793 3.221 2.243 1.193 0.573 0.082 -0.635 -1.210 -1.292
0.017873 0.09000 9.39794 1.5818752050 2.5452301502    1.581  1.635  3.6693  2.631    3 0.683 3.169 2.162 1.100 0.472 -0.025 -0.753 -1.336 -1.420
0.017873 0.09000 9.39794 1.5823642015 2.5452656746    1.582  1.680  3.6665  2.576    3 0.571 3.118 2.081 1.005 0.369 -0.134 -0.873 -1.465 -1.550
0.017873 0.09000 9.39794 1.5828522444 2.5453011990    1.582  1.723  3.6638  2.522    3 0.463 3.070 2.003 0.915 0.270 -0.239 -0.988 -1.589 -1.676
0.017873 0.09000 9.39794 1.5833723545 2.5453391075    1.583  1.769  3.6609  2.464    3 0.348 3.030 1.925 0.819 0.165 -0.351 -1.112 -1.721 -1.810
0.017873 0.09000 9.39794 1.5838524103 2.5453739166    1.583  1.812  3.6581  2.410    3 0.241 3.003 1.855 0.731 0.067 -0.456 -1.228 -1.845 -1.936
0.017873 0.09000 9.39794 1.5843290091 2.5454087257    1.584  1.855  3.6553  2.355    3 0.131 2.976 1.786 0.643 -0.033 -0.563 -1.345 -1.970 -2.064
0.017873 0.09000 9.39794 1.5847786665 2.5454413891    1.584  1.898  3.6525  2.302    3 0.025 2.953 1.719 0.557 -0.129 -0.666 -1.460 -2.093 -2.188
0.017873 0.09000 9.39794 1.5852152109 2.5454728603    1.585  1.941  3.6496  2.247    3 -0.082 2.930 1.652 0.471 -0.226 -0.770 -1.575 -2.217 -2.314
0.017873 0.09000 9.39794 1.5856368542 2.5455036163    1.585  1.985  3.6466  2.192    3 -0.191 2.912 1.587 0.386 -0.322 -0.876 -1.693 -2.343 -2.442
0.017873 0.09000 9.39794 1.5860214233 2.5455315113    1.586  2.026  3.6437  2.139    3 -0.296 2.897 1.525 0.305 -0.415 -0.976 -1.805 -2.464 -2.566
0.017873 0.09000 9.39794 1.5863864422 2.5455579758    1.586  2.069  3.6408  2.085    3 -0.401 2.881 1.463 0.223 -0.508 -1.078 -1.918 -2.585 -2.690
0.017873 0.09000 9.39794 1.5867314339 2.5455827713    1.586  2.111  3.6378  2.031    3 -0.507 2.870 1.404 0.144 -0.599 -1.178 -2.031 -2.708 -2.814
0.017873 0.09000 9.39794 1.5870541334 2.5456061363    1.587  2.152  3.6349  1.978    3 -0.611 2.848 1.345 0.064 -0.688 -1.277 -2.143 -2.826 -2.936
0.017873 0.09000 9.39794 1.5873558521 2.5456280708    1.587  2.194  3.6319  1.924    3 -0.715 2.810 1.287 -0.017 -0.777 -1.374 -2.252 -2.939 -3.055
0.017873 0.09000 9.39794 1.5874862671 2.5456373692    1.587  2.213  3.6305  1.900    3 -0.763 2.793 1.261 -0.054 -0.818 -1.419 -2.303 -2.992 -3.109
0.017873 0.09000 9.39794 1.5876359940 2.5456483364    1.587  2.235  3.6290  1.872    3 -0.816 2.772 1.231 -0.095 -0.863 -1.469 -2.359 -3.050 -3.171
0.017873 0.09000 9.39794 1.5879038572 2.5456676483    1.588  2.275  3.6260  1.819    3 -0.919 2.730 1.173 -0.173 -0.947 -1.563 -2.467 -3.162 -3.288
0.017873 0.09000 9.39794 1.5881522894 2.5456855297    1.588  2.316  3.6230  1.767    3 -1.020 2.689 1.117 -0.249 -1.030 -1.656 -2.574 -3.273 -3.404
0.017873 0.09000 9.39794 1.5883862972 2.5457024574    1.588  2.357  3.6200  1.714    3 -1.122 2.643 1.058 -0.327 -1.114 -1.750 -2.680 -3.384 -3.521
0.017873 0.09000 9.39794 1.5886008739 2.5457179546    1.588  2.396  3.6170  1.662    3 -1.221 2.599 1.003 -0.399 -1.193 -1.840 -2.785 -3.493 -3.636
0.017873 0.09000 9.39794 1.5888049603 2.5457327366    1.588  2.437  3.6139  1.610    3 -1.322 2.552 0.946 -0.472 -1.273 -1.931 -2.891 -3.603 -3.753
0.017873 0.09000 9.39794 1.5889904499 2.5457460880    1.589  2.476  3.6110  1.559    3 -1.419 2.507 0.891 -0.543 -1.350 -2.018 -2.993 -3.710 -3.866
0.017873 0.09000 9.39794 1.5891674757 2.5457589626    1.589  2.515  3.6078  1.507    3 -1.518 2.460 0.838 -0.611 -1.426 -2.106 -3.096 -3.819 -3.982
0.017873 0.09000 9.39794 1.5893340111 2.5457708836    1.589  2.555  3.6047  1.455    3 -1.617 2.451 0.792 -0.673 -1.500 -2.197 -3.203 -3.933 -4.101
0.017873 0.09000 9.39794 1.5894829035 2.5457816124    1.589  2.593  3.6017  1.405    3 -1.711 2.453 0.751 -0.730 -1.570 -2.283 -3.304 -4.042 -4.215
0.017873 0.09000 9.39794 1.5896269083 2.5457921028    1.589  2.631  3.5985  1.354    3 -1.808 2.452 0.712 -0.785 -1.639 -2.371 -3.409 -4.155 -4.333
0.017873 0.09000 9.39794 1.5897595882 2.5458016396    1.589  2.669  3.5954  1.303    3 -1.904 2.447 0.674 -0.835 -1.703 -2.458 -3.512 -4.266 -4.449
0.017873 0.09000 9.39794 1.5898822546 2.5458104610    1.589  2.707  3.5923  1.254    3 -1.997 2.447 0.640 -0.883 -1.765 -2.542 -3.612 -4.375 -4.563
0.017873 0.09000 9.39794 1.5899999142 2.5458188057    1.590  2.745  3.5890  1.203    3 -2.091 2.445 0.608 -0.928 -1.825 -2.627 -3.715 -4.486 -4.679
0.017873 0.09000 9.39794 1.5901085138 2.5458266735    1.590  2.782  3.5859  1.153    3 -2.184 2.440 0.579 -0.967 -1.879 -2.709 -3.816 -4.595 -4.792
0.017873 0.09000 9.39794 1.5902088881 2.5458338261    1.590  2.818  3.5827  1.104    3 -2.275 2.438 0.553 -1.003 -1.931 -2.790 -3.915 -4.702 -4.904
0.017873 0.09000 9.39794 1.5903036594 2.5458407402    1.590  2.854  3.5794  1.055    3 -2.365 2.436 0.530 -1.035 -1.980 -2.869 -4.013 -4.808 -5.016
0.017873 0.09000 9.39794 1.5903936625 2.5458471775    1.590  2.890  3.5761  1.005    3 -2.456 2.430 0.515 -1.054 -2.017 -2.946 -4.113 -4.916 -5.128
0.017873 0.09000 9.39794 1.5904928446 2.5458543301    1.590  2.933  3.5721  0.947    3 -2.562 2.430 0.504 -1.071 -2.059 -3.036 -4.230 -5.042 -5.260
0.017873 0.09000 9.39794 1.5905870199 2.5458612442    1.590  2.975  3.5680  0.888    3 -2.669 2.428 0.502 -1.075 -2.091 -3.124 -4.349 -5.169 -5.395
0.017873 0.09000 9.39794 1.5906749964 2.5458674431    1.590  3.018  3.5637  0.828    3 -2.775 2.426 0.509 -1.064 -2.112 -3.208 -4.468 -5.297 -5.529
0.017873 0.09000 9.39794 1.5907565355 2.5458734035    1.590  3.060  3.5596  0.770    3 -2.880 2.423 0.518 -1.052 -2.132 -3.290 -4.586 -5.423 -5.661
0.017873 0.09000 9.39794 1.5908324718 2.5458788872    1.590  3.101  3.5554  0.712    3 -2.983 2.418 0.548 -1.011 -2.133 -3.362 -4.702 -5.547 -5.793
0.017873 0.09000 9.39794 1.5909030437 2.5458838940    1.591  3.142  3.5512  0.654    3 -3.085 2.415 0.579 -0.970 -2.133 -3.434 -4.817 -5.670 -5.923
0.017873 0.09000 9.39794 1.5909676552 2.5458886623    1.591  3.181  3.5469  0.598    3 -3.183 2.412 0.629 -0.903 -2.116 -3.491 -4.929 -5.789 -6.049
0.017873 0.09000 9.39794 1.5910298824 2.5458929539    1.591  3.221  3.5426  0.541    3 -3.283 2.410 0.689 -0.824 -2.092 -3.545 -5.043 -5.910 -6.178
0.017873 0.09000 9.39794 1.5910874605 2.5458972454    1.591  3.260  3.5383  0.485    3 -3.380 2.409 0.760 -0.731 -2.059 -3.590 -5.154 -6.027 -6.303
0.017873 0.09000 9.39794 1.5911425352 2.5459010601    1.591  3.298  3.5340  0.430    3 -3.475 2.410 0.852 -0.613 -2.012 -3.621 -5.264 -6.143 -6.426
0.017873 0.09000 9.39794 1.5911886692 2.5459043980    1.591  3.329  3.5304  0.385    3 -3.551 2.411 0.930 -0.514 -1.971 -3.645 -5.353 -6.237 -6.527
0.017873 0.09000 9.39794 1.5911886692 2.5459043980    1.591  1.722  3.6765  2.576    4 0.466 2.792 1.868 0.835 0.233 -0.247 -0.949 -1.509 -1.589
0.017873 0.09000 9.39794 1.5918589830 2.5459525585    1.591  1.738  3.6751  2.554    4 0.424 2.779 1.841 0.802 0.196 -0.288 -0.995 -1.559 -1.639
0.017873 0.09000 9.39794 1.5925786495 2.5460042953    1.592  1.744  3.6748  2.547    4 0.410 2.771 1.829 0.789 0.182 -0.302 -1.010 -1.575 -1.655
0.017873 0.09000 9.39794 1.5933041573 2.5460562706    1.593  1.744  3.6751  2.549    4 0.411 2.767 1.828 0.789 0.183 -0.301 -1.008 -1.572 -1.652
0.017873 0.09000 9.39794 1.5939705372 2.5461041927    1.594  1.742  3.6754  2.552    4 0.414 2.763 1.827 0.790 0.185 -0.298 -1.004 -1.567 -1.647
0.017873 0.09000 9.39794 1.5947029591 2.5461566448    1.594  1.741  3.6757  2.554    4 0.417 2.759 1.827 0.790 0.186 -0.296 -1.000 -1.563 -1.643
0.017873 0.09000 9.39794 1.5954443216 2.5462095737    1.595  1.740  3.6760  2.556    4 0.419 2.754 1.825 0.791 0.188 -0.294 -0.997 -1.559 -1.638
0.017873 0.09000 9.39794 1.5961838961 2.5462625027    1.596  1.740  3.6763  2.559    4 0.421 2.749 1.824 0.791 0.189 -0.292 -0.994 -1.555 -1.634
0.017873 0.09000 9.39794 1.5969127417 2.5463144779    1.597  1.739  3.6766  2.561    4 0.422 2.745 1.823 0.791 0.190 -0.291 -0.992 -1.551 -1.631
0.017873 0.09000 9.39794 1.5976562500 2.5463674068    1.597  1.739  3.6769  2.562    4 0.424 2.740 1.821 0.790 0.190 -0.290 -0.990 -1.549 -1.628
0.017873 0.09000 9.39794 1.5983997583 2.5464203358    1.598  1.739  3.6771  2.563    4 0.423 2.735 1.819 0.789 0.189 -0.290 -0.989 -1.548 -1.627
0.017873 0.09000 9.39794 1.5991548300 2.5464742184    1.599  1.739  3.6773  2.565    4 0.423 2.731 1.816 0.787 0.189 -0.290 -0.989 -1.546 -1.625
0.017873 0.09000 9.39794 1.5999232531 2.5465288162    1.599  1.739  3.6776  2.565    4 0.423 2.726 1.814 0.786 0.188 -0.291 -0.988 -1.545 -1.624
0.017873 0.09000 9.39794 1.6006376743 2.5465793610    1.600  1.739  3.6777  2.566    4 0.422 2.721 1.811 0.784 0.186 -0.291 -0.988 -1.545 -1.623
0.017873 0.09000 9.39794 1.6013411283 2.5466294289    1.601  1.739  3.6779  2.567    4 0.422 2.716 1.808 0.782 0.185 -0.292 -0.989 -1.544 -1.623
0.017873 0.09000 9.39794 1.6014192104 2.5466349125    1.601  1.739  3.6779  2.567    4 0.422 2.716 1.808 0.782 0.185 -0.292 -0.989 -1.544 -1.623
0.017873 0.09000 9.39794 1.6021058559 2.5466835499    1.602  1.740  3.6781  2.567    4 0.420 2.711 1.805 0.779 0.183 -0.294 -0.990 -1.545 -1.623
0.017873 0.09000 9.39794 1.6028745174 2.5467379093    1.602  1.741  3.6782  2.567    4 0.418 2.706 1.802 0.777 0.181 -0.296 -0.991 -1.546 -1.624
0.017873 0.09000 9.39794 1.6035821438 2.5467879772    1.603  1.742  3.6783  2.567    4 0.416 2.702 1.799 0.774 0.179 -0.298 -0.993 -1.547 -1.625
0.017873 0.09000 9.39794 1.6043362617 2.5468411446    1.604  1.743  3.6784  2.566    4 0.413 2.697 1.795 0.770 0.176 -0.301 -0.995 -1.549 -1.628
0.017873 0.09000 9.39794 1.6050562859 2.5468919277    1.605  1.744  3.6785  2.565    4 0.410 2.692 1.791 0.767 0.172 -0.304 -0.998 -1.552 -1.630
0.017873 0.09000 9.39794 1.6058282852 2.5469462872    1.605  1.746  3.6785  2.564    4 0.406 2.688 1.787 0.763 0.168 -0.308 -1.003 -1.556 -1.634
0.017873 0.09000 9.39794 1.6058830023 2.5469501019    1.605  1.746  3.6785  2.564    4 0.406 2.687 1.786 0.762 0.168 -0.309 -1.003 -1.556 -1.635
0.017873 0.09000 9.39794 1.6064891815 2.5469927788    1.606  1.747  3.6785  2.563    4 0.402 2.684 1.783 0.759 0.164 -0.312 -1.006 -1.560 -1.638
0.017873 0.09000 9.39794 1.6067734957 2.5470128059    1.606  1.748  3.6785  2.562    4 0.400 2.682 1.781 0.757 0.162 -0.314 -1.008 -1.562 -1.640
0.017873 0.09000 9.39794 1.6072144508 2.5470438004    1.607  1.749  3.6785  2.561    4 0.397 2.680 1.778 0.754 0.159 -0.317 -1.012 -1.565 -1.643
0.017873 0.09000 9.39794 1.6079250574 2.5470938683    1.608  1.751  3.6784  2.558    4 0.391 2.675 1.773 0.749 0.154 -0.323 -1.018 -1.571 -1.650
0.017873 0.09000 9.39794 1.6086390018 2.5471439362    1.608  1.754  3.6783  2.555    4 0.385 2.671 1.768 0.743 0.147 -0.329 -1.025 -1.579 -1.657
0.017873 0.09000 9.39794 1.6093537807 2.5471940041    1.609  1.757  3.6781  2.552    4 0.377 2.667 1.762 0.736 0.140 -0.337 -1.033 -1.588 -1.666
0.017873 0.09000 9.39794 1.6100746393 2.5472445488    1.610  1.761  3.6779  2.547    4 0.368 2.663 1.755 0.728 0.132 -0.346 -1.043 -1.598 -1.677
0.017873 0.09000 9.39794 1.6108049154 2.5472955704    1.610  1.765  3.6776  2.542    4 0.357 2.658 1.747 0.719 0.122 -0.357 -1.055 -1.611 -1.690
0.017873 0.09000 9.39794 1.6115292311 2.5473461151    1.611  1.770  3.6772  2.536    4 0.345 2.654 1.739 0.709 0.111 -0.368 -1.068 -1.625 -1.704
0.017873 0.09000 9.39794 1.6122616529 2.5473973751    1.612  1.778  3.6766  2.526    4 0.326 2.648 1.727 0.694 0.094 -0.387 -1.089 -1.648 -1.727
0.017873 0.09000 9.39794 1.6129924059 2.5474483967    1.613  1.786  3.6758  2.515    4 0.304 2.642 1.713 0.676 0.074 -0.408 -1.113 -1.674 -1.754
0.017873 0.09000 9.39794 1.6137498617 2.5475010872    1.613  1.796  3.6750  2.502    4 0.280 2.636 1.698 0.657 0.053 -0.431 -1.139 -1.703 -1.783
0.017873 0.09000 9.39794 1.6145170927 2.5475544930    1.614  1.818  3.6731  2.473    4 0.226 2.630 1.666 0.614 0.003 -0.485 -1.200 -1.769 -1.851
0.017873 0.09000 9.39794 1.6151359081 2.5475974083    1.615  1.853  3.6699  2.424    4 0.137 2.622 1.615 0.544 -0.077 -0.572 -1.299 -1.877 -1.961
0.017873 0.09000 9.39794 1.6154588461 2.5476198196    1.615  1.893  3.6665  2.372    4 0.039 2.616 1.561 0.469 -0.165 -0.668 -1.408 -1.996 -2.082
0.017873 0.09000 9.39794 1.6156241894 2.5476315022    1.615  1.931  3.6632  2.319    4 -0.059 2.608 1.506 0.394 -0.252 -0.762 -1.515 -2.113 -2.201
0.017873 0.09000 9.39794 1.6157075167 2.5476372242    1.615  1.971  3.6598  2.267    4 -0.157 2.600 1.450 0.318 -0.339 -0.857 -1.623 -2.230 -2.321
0.017873 0.09000 9.39794 1.6157487631 2.5476400852    1.615  2.009  3.6566  2.215    4 -0.253 2.597 1.399 0.246 -0.424 -0.950 -1.729 -2.346 -2.438
0.017873 0.09000 9.39794 1.6157726049 2.5476417542    1.615  2.048  3.6534  2.164    4 -0.350 2.592 1.346 0.173 -0.509 -1.043 -1.835 -2.461 -2.556
0.017873 0.09000 9.39794 1.6157876253 2.5476427078    1.615  2.085  3.6503  2.115    4 -0.442 2.587 1.295 0.102 -0.591 -1.132 -1.936 -2.571 -2.669
0.017873 0.09000 9.39794 1.6157904863 2.5476429462    1.615  2.093  3.6497  2.104    4 -0.463 2.587 1.284 0.087 -0.608 -1.152 -1.958 -2.596 -2.693
0.017873 0.09000 9.39794 1.6157907248 2.5476429462    1.615  2.094  3.6496  2.103    7 -0.464 2.586 1.283 0.086 -0.610 -1.153 -1.960 -2.597 -2.695
0.017873 0.09000 9.39794 1.6157915592 2.5476429462    1.615  2.096  3.6494  2.099    7 -0.471 2.586 1.280 0.081 -0.616 -1.160 -1.968 -2.606 -2.704
0.017873 0.09000 9.39794 1.6158031225 2.5476438999    1.615  2.137  3.6461  2.046    7 -0.572 2.585 1.227 0.007 -0.703 -1.257 -2.078 -2.726 -2.826
0.017873 0.09000 9.39794 1.6158138514 2.5476446152    1.615  2.177  3.6429  1.993    7 -0.672 2.580 1.175 -0.067 -0.789 -1.351 -2.185 -2.842 -2.945
0.017873 0.09000 9.39794 1.6158245802 2.5476453304    1.615  2.213  3.6399  1.944    7 -0.764 2.558 1.127 -0.138 -0.868 -1.438 -2.284 -2.945 -3.053
0.017873 0.09000 9.39794 1.6158396006 2.5476462841    1.615  2.243  3.6375  1.905    7 -0.838 2.538 1.089 -0.193 -0.930 -1.507 -2.363 -3.028 -3.139
0.017873 0.09000 9.39794 1.6158678532 2.5476484299    1.615  2.224  3.6391  1.931    7 -0.790 2.549 1.113 -0.158 -0.890 -1.462 -2.312 -2.974 -3.083
0.017873 0.09000 9.39794 1.6158936024 2.5476500988    1.615  2.187  3.6422  1.980    7 -0.697 2.572 1.161 -0.087 -0.811 -1.375 -2.212 -2.870 -2.974
0.017873 0.09000 9.39794 1.6159509420 2.5476541519    1.615  2.148  3.6453  2.032    7 -0.599 2.581 1.211 -0.014 -0.727 -1.283 -2.107 -2.757 -2.858
0.017873 0.09000 9.39794 1.6160777807 2.5476629734    1.616  2.126  3.6471  2.061    7 -0.544 2.582 1.240 0.026 -0.679 -1.230 -2.047 -2.692 -2.791
0.017873 0.09000 9.39794 1.6166896820 2.5477054119    1.616  2.152  3.6450  2.027    7 -0.610 2.583 1.206 -0.021 -0.735 -1.292 -2.118 -2.769 -2.871
0.017873 0.09000 9.39794 1.6170333624 2.5477292538    1.617  2.192  3.6417  1.973    7 -0.710 2.570 1.154 -0.097 -0.822 -1.388 -2.227 -2.885 -2.990
0.017873 0.09000 9.39794 1.6173121929 2.5477485657    1.617  2.234  3.6383  1.918    7 -0.815 2.544 1.101 -0.176 -0.911 -1.486 -2.339 -3.003 -3.113
0.017873 0.09000 9.39794 1.6175392866 2.5477643013    1.617  2.276  3.6348  1.862    7 -0.920 2.516 1.047 -0.255 -0.999 -1.583 -2.451 -3.120 -3.236
0.017873 0.09000 9.39794 1.6177265644 2.5477771759    1.617  2.318  3.6314  1.807    7 -1.024 2.487 0.993 -0.333 -1.086 -1.679 -2.561 -3.235 -3.357
0.017873 0.09000 9.39794 1.6178857088 2.5477881432    1.617  2.359  3.6281  1.752    7 -1.127 2.454 0.939 -0.409 -1.170 -1.773 -2.670 -3.350 -3.478
0.017873 0.09000 9.39794 1.6180237532 2.5477976799    1.618  2.400  3.6247  1.698    7 -1.229 2.419 0.886 -0.483 -1.252 -1.867 -2.779 -3.464 -3.598
0.017873 0.09000 9.39794 1.6181459427 2.5478062630    1.618  2.441  3.6213  1.644    7 -1.332 2.382 0.831 -0.558 -1.334 -1.960 -2.887 -3.577 -3.718
0.017873 0.09000 9.39794 1.6182571650 2.5478138924    1.618  2.481  3.6179  1.589    7 -1.433 2.343 0.777 -0.630 -1.414 -2.051 -2.994 -3.690 -3.838
0.017873 0.09000 9.39794 1.6183598042 2.5478210449    1.618  2.522  3.6145  1.535    7 -1.535 2.304 0.724 -0.701 -1.493 -2.142 -3.102 -3.804 -3.958
0.017873 0.09000 9.39794 1.6184552908 2.5478277206    1.618  2.563  3.6111  1.480    7 -1.638 2.280 0.673 -0.770 -1.572 -2.234 -3.210 -3.919 -4.081
0.017873 0.09000 9.39794 1.6185442209 2.5478336811    1.618  2.604  3.6076  1.425    7 -1.741 2.285 0.630 -0.832 -1.649 -2.329 -3.322 -4.041 -4.207
0.017873 0.09000 9.39794 1.6186227798 2.5478391647    1.618  2.644  3.6042  1.372    7 -1.840 2.291 0.591 -0.889 -1.720 -2.419 -3.429 -4.157 -4.328
0.017873 0.09000 9.39794 1.6187012196 2.5478446484    1.618  2.684  3.6007  1.318    7 -1.940 2.300 0.552 -0.946 -1.792 -2.510 -3.537 -4.275 -4.451
0.017873 0.09000 9.39794 1.6187789440 2.5478501320    1.618  2.724  3.5971  1.263    7 -2.041 2.304 0.517 -0.997 -1.859 -2.601 -3.646 -4.394 -4.575
0.017873 0.09000 9.39794 1.6188538074 2.5478551388    1.618  2.766  3.5933  1.206    7 -2.146 2.307 0.482 -1.048 -1.927 -2.695 -3.761 -4.518 -4.705
0.017873 0.09000 9.39794 1.6189172268 2.5478596687    1.618  2.812  3.5892  1.144    7 -2.260 2.312 0.446 -1.101 -1.998 -2.797 -3.885 -4.653 -4.846
0.017873 0.09000 9.39794 1.6189599037 2.5478625298    1.618  2.859  3.5849  1.080    7 -2.376 2.313 0.416 -1.144 -2.062 -2.899 -4.012 -4.790 -4.991
0.017873 0.09000 9.39794 1.6189893484 2.5478646755    1.618  2.902  3.5809  1.021    7 -2.484 2.316 0.390 -1.183 -2.121 -2.993 -4.129 -4.918 -5.125
0.017873 0.09000 9.39794 1.6190147400 2.5478663445    1.619  2.944  3.5768  0.963    7 -2.589 2.319 0.378 -1.202 -2.164 -3.082 -4.245 -5.044 -5.257
0.017873 0.09000 9.39794 1.6190378666 2.5478680134    1.619  2.985  3.5727  0.905    7 -2.692 2.323 0.372 -1.214 -2.200 -3.169 -4.360 -5.168 -5.387
0.017873 0.09000 9.39794 1.6190598011 2.5478694439    1.619  3.026  3.5685  0.848    7 -2.794 2.326 0.372 -1.216 -2.230 -3.253 -4.474 -5.291 -5.517
0.017873 0.09000 9.39794 1.6190788746 2.5478706360    1.619  3.063  3.5647  0.795    7 -2.887 2.327 0.383 -1.202 -2.245 -3.325 -4.578 -5.403 -5.635
0.017873 0.09000 9.39794 1.6191002131 2.5478723049    1.619  3.103  3.5604  0.738    7 -2.988 2.329 0.396 -1.186 -2.261 -3.404 -4.692 -5.525 -5.764
0.017873 0.09000 9.39794 1.6191220284 2.5478737354    1.619  3.140  3.5564  0.685    7 -3.081 2.329 0.428 -1.144 -2.257 -3.468 -4.797 -5.638 -5.884
0.017873 0.09000 9.39794 1.6191455126 2.5478754044    1.619  3.177  3.5524  0.632    7 -3.172 2.330 0.464 -1.098 -2.250 -3.530 -4.901 -5.749 -6.001
0.017873 0.09000 9.39794 1.6191715002 2.5478770733    1.619  3.214  3.5482  0.579    7 -3.264 2.331 0.510 -1.037 -2.235 -3.586 -5.006 -5.862 -6.121
0.017873 0.09000 9.39794 1.6191930771 2.5478787422    1.619  3.244  3.5448  0.535    7 -3.339 2.332 0.561 -0.970 -2.211 -3.625 -5.092 -5.954 -6.219
0.017873 0.09000 9.39794 1.6191973686 2.5478789806    1.619  3.219  3.5476  0.570    7 -3.279 2.331 0.518 -1.026 -2.232 -3.595 -5.023 -5.880 -6.140
0.017873 0.09000 9.39794 1.6191999912 2.5478792191    1.619  3.224  3.5472  0.564    7 -3.289 2.330 0.525 -1.018 -2.229 -3.600 -5.035 -5.893 -6.153
0.017873 0.09000 9.39794 1.6192015409 2.5478792191    1.619  3.257  3.5433  0.515    7 -3.373 2.332 0.583 -0.941 -2.202 -3.643 -5.131 -5.996 -6.263
0.017873 0.09000 9.39794 1.6192033291 2.5478794575    1.619  3.291  3.5391  0.464    7 -3.459 2.337 0.657 -0.847 -2.165 -3.682 -5.231 -6.101 -6.376
0.017873 0.09000 9.39794 1.6192054749 2.5478794575    1.619  3.325  3.5351  0.415    7 -3.542 2.342 0.747 -0.732 -2.115 -3.706 -5.328 -6.204 -6.486
0.017873 0.09000 9.39794 1.6192088127 2.5478796959    1.619  3.362  3.5304  0.359    7 -3.634 2.348 0.854 -0.597 -2.056 -3.730 -5.436 -6.318 -6.610
0.017873 0.09000 9.39794 1.6192127466 2.5478799343    1.619  3.383  3.5278  0.327    7 -3.687 2.351 0.929 -0.504 -2.013 -3.729 -5.499 -6.384 -6.680
#isochrone terminated
