# File generated by CMD 3.4 (http://stev.oapd.inaf.it/cmd) on Thu Jun 17 10:33:36 CEST 2021
# isochrones based on PARSEC release v1.2S +  COLIBRI S_37 + S_35 + PR16
# Basic references: Bressan et al. (2012), MNRAS, 427, 127 + Chen et al. (2014, 2015), MNRAS, 444, 2525 + MNRAS, 452, 1068 + Tang et al. (2014), MNRAS, 445, 4287 + Marigo et al. (2017), ApJ, 835, 77 + Pastorelli al. (2019), MNRAS, 485, 5666 + Pastorelli al. (2020), MNRAS, in press
# Thermal pulse cycles included 
# On RGB, assumed Reimers mass loss with efficiency eta=0.2
# LPV periods and growth rates added cf. Trabucchi et al. (2019)
# Photometric system: <i>UBVRIJHK</i> (cf. Maiz-Apellaniz 2006 + Bessell 1990)
# Attention: photometry includes extinction of Av=0.62, with coefficients derived star-by-star, for Cardelli et al 89 + O'Donnell 94 Rv=3.1 extinction curve.
# Using YBC version of bolometric corrections as in Chen et al. (2019)
# O-rich circumstellar dpmod60alox40 dust from Groenewegen (2006)
# C-rich circumstellar AMCSIC15 dust from Groenewegen (2006)
# IMF: Kroupa (2001, 2002) + Kroupa et al. (2013) canonical two-part-power law IMF corrected for unresolved binaries 
# Kind of output: isochrone tables
# Zini     MH   logAge Mini        int_IMF         Mass   logL    logTe  logg  label   McoreTP C_O  period0  period1  period2  period3  period4  pmode  Mloss  tau1m   X   Y   Xc  Xn  Xo  Cexcess  Z 	 mbolmag  Umag    Bmag    Vmag    Rmag    Imag    Jmag    Hmag    Kmag
0.0099013 -0.18000 8.17609 0.0900000036 1.0816895962    0.090 -2.858  3.4173  4.872    0  0.000  0.545     0.00     0.00     0.00     0.00     0.00 -1 -2.15e-16      0.00 7.233e-01 2.668e-01 1.782e-03 4.808e-04 4.361e-03 -1.000 9.911e-03 11.915 21.470 18.986 17.062 14.815 12.546 10.022 9.388 9.035
0.0099013 -0.18000 8.17609 0.0935179964 1.1145589352    0.094 -2.828  3.4219  4.876    0  0.000  0.545     0.00     0.00     0.00     0.00     0.00 -1 -2.25e-16      0.00 7.233e-01 2.668e-01 1.782e-03 4.808e-04 4.361e-03 -1.000 9.911e-03 11.839 21.230 18.793 16.875 14.670 12.428 9.954 9.319 8.966
0.0099013 -0.18000 8.17609 0.0993596911 1.1657353640    0.099 -2.776  3.4301  4.883    0  0.000  0.545     0.00     0.00     0.00     0.00     0.00 -1 -2.45e-16      0.00 7.233e-01 2.668e-01 1.782e-03 4.808e-04 4.361e-03 -1.000 9.911e-03 11.709 20.670 18.358 16.458 14.361 12.191 9.845 9.206 8.853
0.0099013 -0.18000 8.17609 0.1000000015 1.1711064577    0.100 -2.770  3.4311  4.884    0  0.000  0.545     0.00     0.00     0.00     0.00     0.00 -1 -2.47e-16      0.00 7.233e-01 2.668e-01 1.782e-03 4.808e-04 4.361e-03 -1.000 9.911e-03 11.695 20.614 18.312 16.416 14.329 12.166 9.833 9.193 8.841
0.0099013 -0.18000 8.17609 0.1055331379 1.2157316208    0.106 -2.732  3.4356  4.888    0  0.000  0.545     0.00     0.00     0.00     0.00     0.00 -1 -2.61e-16      0.00 7.233e-01 2.668e-01 1.782e-03 4.808e-04 4.361e-03 -1.000 9.911e-03 11.601 20.323 18.071 16.190 14.153 12.023 9.750 9.107 8.757
0.0099013 -0.18000 8.17609 0.1168901771 1.2984676361    0.117 -2.657  3.4450  4.895    0  0.000  0.545     0.00     0.00     0.00     0.00     0.00 -1 -2.92e-16      0.00 7.233e-01 2.668e-01 1.782e-03 4.808e-04 4.361e-03 -1.000 9.911e-03 11.413 19.734 17.582 15.731 13.796 11.736 9.583 8.937 8.590
0.0099013 -0.18000 8.17609 0.1200000048 1.3193155527    0.120 -2.637  3.4476  4.897    0  0.000  0.545     0.00     0.00     0.00     0.00     0.00 -1 -3.02e-16      0.00 7.233e-01 2.668e-01 1.782e-03 4.808e-04 4.361e-03 -1.000 9.911e-03 11.363 19.573 17.449 15.607 13.699 11.659 9.539 8.891 8.546
0.0099013 -0.18000 8.17609 0.1279011965 1.3692671061    0.128 -2.591  3.4534  4.901    0  0.000  0.545     0.00     0.00     0.00     0.00     0.00 -1 -3.23e-16      0.00 7.233e-01 2.668e-01 1.782e-03 4.808e-04 4.361e-03 -1.000 9.911e-03 11.247 19.216 17.152 15.322 13.477 11.486 9.437 8.787 8.445
0.0099013 -0.18000 8.17609 0.1400000006 1.4384527206    0.140 -2.523  3.4620  4.907    0  0.000  0.545     0.00     0.00     0.00     0.00     0.00 -1 -3.59e-16      0.00 7.233e-01 2.668e-01 1.782e-03 4.808e-04 4.361e-03 -1.000 9.911e-03 11.079 18.701 16.723 14.910 13.156 11.240 9.290 8.636 8.298
0.0099013 -0.18000 8.17609 0.1599999964 1.5372931957    0.160 -2.427  3.4731  4.914    0  0.000  0.545     0.00     0.00     0.00     0.00     0.00 -1 -4.15e-16      0.00 7.233e-01 2.668e-01 1.782e-03 4.808e-04 4.361e-03 -1.000 9.911e-03 10.838 18.055 16.173 14.385 12.736 10.913 9.076 8.418 8.087
0.0099013 -0.18000 8.17609 0.1616239995 1.5446085930    0.162 -2.420  3.4739  4.914    0  0.000  0.545     0.00     0.00     0.00     0.00     0.00 -1 -4.19e-16      0.00 7.233e-01 2.668e-01 1.782e-03 4.808e-04 4.361e-03 -1.000 9.911e-03 10.821 18.011 16.135 14.349 12.707 10.890 9.060 8.402 8.072
0.0099013 -0.18000 8.17609 0.2000000030 1.6938791275    0.200 -2.264  3.4902  4.916    0  0.000  0.545     0.00     0.00     0.00     0.00     0.00 -1 -5.39e-16      0.00 7.232e-01 2.669e-01 1.782e-03 4.808e-04 4.361e-03 -1.000 9.911e-03 10.431 17.065 15.315 13.554 12.054 10.389 8.713 8.049 7.730
0.0099013 -0.18000 8.17609 0.2124874741 1.7346019745    0.212 -2.223  3.4942  4.917    0  0.000  0.545     0.00     0.00     0.00     0.00     0.00 -1 -5.75e-16      0.00 7.232e-01 2.669e-01 1.782e-03 4.808e-04 4.361e-03 -1.000 9.911e-03 10.327 16.848 15.123 13.371 11.899 10.265 8.618 7.954 7.638
0.0099013 -0.18000 8.17609 0.2500000000 1.8403258324    0.250 -2.106  3.5047  4.912    0  0.000  0.545     0.00     0.00     0.00     0.00     0.00 -1 -6.97e-16      0.00 7.232e-01 2.669e-01 1.782e-03 4.808e-04 4.361e-03 -1.000 9.911e-03 10.034 16.259 14.598 12.872 11.471 9.920 8.351 7.682 7.375
0.0099013 -0.18000 8.17609 0.2654645741 1.8780720234    0.265 -2.062  3.5086  4.910    0  0.000  0.545     0.00     0.00     0.00     0.00     0.00 -1 -7.49e-16      0.00 7.232e-01 2.669e-01 1.782e-03 4.808e-04 4.361e-03 -1.000 9.911e-03 9.924 16.044 14.406 12.689 11.314 9.793 8.251 7.581 7.277
0.0099013 -0.18000 8.17609 0.2824611068 1.9163924456    0.282 -2.015  3.5126  4.906    0  0.000  0.545     0.00     0.00     0.00     0.00     0.00 -1 -8.08e-16      0.00 7.232e-01 2.669e-01 1.782e-03 4.808e-04 4.361e-03 -1.000 9.911e-03 9.807 15.826 14.208 12.500 11.149 9.659 8.144 7.472 7.171
0.0099013 -0.18000 8.17609 0.3000000119 1.9529139996    0.300 -1.967  3.5165  4.900    0  0.000  0.545     0.00     0.00     0.00     0.00     0.00 -1 -8.81e-16      0.00 7.233e-01 2.668e-01 1.782e-03 4.808e-04 4.361e-03 -1.000 9.911e-03 9.688 15.613 14.014 12.315 10.986 9.526 8.035 7.361 7.064
0.0099013 -0.18000 8.17609 0.3500000238 2.0434176922    0.350 -1.823  3.5273  4.867    0  0.000  0.545     0.00     0.00     0.00     0.00     0.00 -1 -1.19e-15      0.00 7.233e-01 2.668e-01 1.782e-03 4.808e-04 4.361e-03 -1.000 9.911e-03 9.328 15.007 13.454 11.784 10.511 9.129 7.702 7.022 6.733
0.0099013 -0.18000 8.17609 0.4000000358 2.1185026169    0.400 -1.683  3.5393  4.833    0  0.000  0.545     0.00     0.00     0.00     0.00     0.00 -1  -1.6e-15      0.00 7.233e-01 2.668e-01 1.782e-03 4.808e-04 4.361e-03 -1.000 9.911e-03 8.978 14.426 12.909 11.269 10.049 8.747 7.383 6.695 6.415
0.0099013 -0.18000 8.17609 0.4500000179 2.1822810173    0.450 -1.531  3.5550  4.794    0  0.000  0.545     0.00     0.00     0.00     0.00     0.00 -1 -2.22e-15      0.00 7.233e-01 2.668e-01 1.782e-03 4.808e-04 4.361e-03 -1.000 9.911e-03 8.598 13.797 12.305 10.696 9.533 8.333 7.044 6.345 6.076
0.0099013 -0.18000 8.17609 0.4740615785 2.2097764015    0.474 -1.449  3.5640  4.771    0  0.000  0.545     0.00     0.00     0.00     0.00     0.00 -1 -2.68e-15      0.00 7.233e-01 2.668e-01 1.782e-03 4.808e-04 4.361e-03 -1.000 9.911e-03 8.393 13.465 11.980 10.387 9.253 8.114 6.865 6.160 5.898
0.0099013 -0.18000 8.17609 0.5000000000 2.2374541759    0.500 -1.365  3.5736  4.748    0  0.000  0.545     0.00     0.00     0.00     0.00     0.00 -1 -3.26e-15      0.00 7.233e-01 2.668e-01 1.782e-03 4.808e-04 4.361e-03 -1.000 9.911e-03 8.182 13.127 11.646 10.069 8.964 7.889 6.681 5.969 5.716
0.0099013 -0.18000 8.17609 0.5285293460 2.2650482655    0.528 -1.272  3.5889  4.740    0  0.000  0.545     0.00     0.00     0.00     0.00     0.00 -1 -3.98e-15      0.00 7.233e-01 2.668e-01 1.781e-03 4.807e-04 4.359e-03 -1.000 9.911e-03 7.949 12.702 11.230 9.683 8.619 7.639 6.490 5.768 5.533
0.0099013 -0.18000 8.17609 0.5421490073 2.2770497799    0.542 -1.246  3.5927  4.740    0  0.000  0.545     0.00     0.00     0.00     0.00     0.00 -1 -4.17e-15      0.00 7.234e-01 2.667e-01 1.781e-03 4.805e-04 4.358e-03 -1.000 9.909e-03 7.884 12.593 11.122 9.585 8.530 7.570 6.434 5.710 5.480
0.0099013 -0.18000 8.17609 0.5500000119 2.2836582661    0.550 -1.227  3.5945  4.735    0  0.000  0.545     0.00     0.00     0.00     0.00     0.00 -1 -4.34e-15      0.00 7.235e-01 2.666e-01 1.781e-03 4.804e-04 4.357e-03 -1.000 9.909e-03 7.838 12.526 11.056 9.524 8.473 7.523 6.393 5.666 5.440
0.0099013 -0.18000 8.17609 0.5576846004 2.2899200916    0.557 -1.206  3.5974  4.732    0  0.000  0.545     0.00     0.00     0.00     0.00     0.00 -1 -4.54e-15      0.00 7.235e-01 2.666e-01 1.781e-03 4.804e-04 4.357e-03 -1.000 9.909e-03 7.785 12.440 10.971 9.446 8.403 7.468 6.347 5.619 5.396
0.0099013 -0.18000 8.17609 0.5775820017 2.3052463531    0.577 -1.153  3.6046  4.723    0  0.000  0.545     0.00     0.00     0.00     0.00     0.00 -1 -5.07e-15      0.00 7.235e-01 2.666e-01 1.781e-03 4.804e-04 4.357e-03 -1.000 9.911e-03 7.653 12.228 10.759 9.256 8.231 7.332 6.232 5.498 5.288
0.0099013 -0.18000 8.17609 0.6000000238 2.3211214542    0.600 -1.082  3.6154  4.711    0  0.000  0.545     0.00     0.00     0.00     0.00     0.00 -1 -5.94e-15      0.00 7.235e-01 2.666e-01 1.781e-03 4.803e-04 4.356e-03 -1.000 9.909e-03 7.474 11.927 10.457 8.991 7.996 7.147 6.078 5.339 5.147
0.0099013 -0.18000 8.17609 0.6499999762 2.3520355225    0.650 -0.921  3.6431  4.696    0  0.000  0.545     0.00     0.00     0.00     0.00     0.00 -1 -8.41e-15      0.00 7.236e-01 2.666e-01 1.780e-03 4.802e-04 4.355e-03 -1.000 9.815e-03 7.072 11.134 9.709 8.366 7.458 6.733 5.742 5.019 4.869
0.0099013 -0.18000 8.17609 0.7000000477 2.3779268265    0.700 -0.766  3.6699  4.681    0  0.000  0.545     0.00     0.00     0.00     0.00     0.00 -1 -1.17e-14      0.00 7.236e-01 2.665e-01 1.780e-03 4.801e-04 4.354e-03 -1.000 9.909e-03 6.686 10.176 8.970 7.768 6.965 6.335 5.435 4.777 4.651
0.0099013 -0.18000 8.17609 0.7470009327 2.3986666203    0.747 -0.632  3.6926  4.666    0  0.000  0.538     0.00     0.00     0.00     0.00     0.00 -1 -1.57e-14      0.00 7.238e-01 2.664e-01 1.757e-03 4.794e-04 4.354e-03 -1.000 9.821e-03 6.351 9.355 8.388 7.289 6.572 5.994 5.172 4.586 4.471
0.0099013 -0.18000 8.17609 0.7500000000 2.3998889923    0.750 -0.624  3.6940  4.665    0  0.000  0.538     0.00     0.00     0.00     0.00     0.00 -1  -1.6e-14      0.00 7.238e-01 2.664e-01 1.755e-03 4.794e-04 4.354e-03 -1.000 9.816e-03 6.330 9.304 8.353 7.260 6.549 5.974 5.157 4.575 4.461
0.0099013 -0.18000 8.17609 0.7998990417 2.4186892509    0.800 -0.494  3.7144  4.645    0  0.000  0.538     0.00     0.00     0.00     0.00     0.00 -1 -2.14e-14      0.00 7.238e-01 2.663e-01 1.755e-03 4.792e-04 4.353e-03 -1.000 9.908e-03 6.006 8.591 7.848 6.837 6.193 5.656 4.906 4.383 4.278
0.0099013 -0.18000 8.17609 0.8497980237 2.4349732399    0.849 -0.372  3.7328  4.623    0  0.000  0.538     0.00     0.00     0.00     0.00     0.00 -1 -2.83e-14      0.00 7.239e-01 2.662e-01 1.755e-03 4.791e-04 4.351e-03 -1.000 9.904e-03 5.700 7.971 7.405 6.462 5.871 5.365 4.671 4.198 4.100
0.0099013 -0.18000 8.17609 0.8717126250 2.4414510727    0.871 -0.319  3.7402  4.610    0  0.000  0.538     0.00     0.00     0.00     0.00     0.00 -1  -3.2e-14      0.00 7.241e-01 2.660e-01 1.754e-03 4.788e-04 4.349e-03 -1.000 9.911e-03 5.567 7.722 7.221 6.305 5.734 5.240 4.568 4.113 4.018
0.0099013 -0.18000 8.17609 0.8996970057 2.4491977692    0.899 -0.256  3.7496  4.598    0  0.000  0.538     0.00     0.00     0.00     0.00     0.00 -1 -3.69e-14      0.00 7.240e-01 2.661e-01 1.754e-03 4.789e-04 4.350e-03 -1.000 9.908e-03 5.411 7.409 7.003 6.124 5.579 5.099 4.454 4.021 3.931
0.0099013 -0.18000 8.17609 0.9081252813 2.4514236450    0.908 -0.237  3.7520  4.593    0  0.000  0.538     0.00     0.00     0.00     0.00     0.00 -1 -3.87e-14      0.00 7.241e-01 2.660e-01 1.753e-03 4.787e-04 4.349e-03 -1.000 9.908e-03 5.362 7.325 6.940 6.070 5.531 5.054 4.416 3.988 3.899
0.0099013 -0.18000 8.17609 0.9181504250 2.4540102482    0.918 -0.213  3.7547  4.585    0  0.000  0.538     0.00     0.00     0.00     0.00     0.00 -1 -4.09e-14      0.00 7.243e-01 2.658e-01 1.753e-03 4.786e-04 4.347e-03 -1.000 9.911e-03 5.304 7.226 6.865 6.005 5.474 5.001 4.370 3.948 3.861
0.0099013 -0.18000 8.17609 0.9495959878 2.4617171288    0.949 -0.146  3.7639  4.569    0  0.000  0.538     0.00     0.00     0.00     0.00     0.00 -1 -4.78e-14      0.00 7.243e-01 2.658e-01 1.753e-03 4.786e-04 4.347e-03 -1.000 9.879e-03 5.136 6.932 6.644 5.820 5.310 4.852 4.245 3.843 3.760
0.0099013 -0.18000 8.17609 0.9967533350 2.4722332954    0.997 -0.044  3.7764  4.538    0  0.000  0.538     0.00     0.00     0.00     0.00     0.00 -1 -6.11e-14      0.00 7.245e-01 2.655e-01 1.751e-03 4.782e-04 4.343e-03 -1.000 9.911e-03 4.880 6.519 6.318 5.545 5.065 4.626 4.052 3.676 3.599
0.0099013 -0.18000 8.17609 0.9994950294 2.4728097916    1.000 -0.039  3.7771  4.537    0  0.000  0.538     0.00     0.00     0.00     0.00     0.00 -1 -6.19e-14      0.00 7.245e-01 2.656e-01 1.752e-03 4.782e-04 4.344e-03 -1.000 9.911e-03 4.867 6.498 6.301 5.531 5.053 4.614 4.042 3.668 3.591
0.0099013 -0.18000 8.17609 1.0020241737 2.4733383656    1.002 -0.033  3.7777  4.535    0  0.000  0.538     0.00     0.00     0.00     0.00     0.00 -1 -6.25e-14      0.00 7.246e-01 2.655e-01 1.751e-03 4.781e-04 4.343e-03 -1.000 9.911e-03 4.853 6.476 6.283 5.516 5.039 4.602 4.031 3.658 3.582
0.0099013 -0.18000 8.17609 1.0493940115 2.4826982021    1.049  0.061  3.7887  4.505    0  0.000  0.538     0.00     0.00     0.00     0.00     0.00 -1 -7.33e-14      0.00 7.250e-01 2.651e-01 1.749e-03 4.775e-04 4.337e-03 -1.000 9.880e-03 4.617 6.127 5.990 5.269 4.817 4.396 3.853 3.502 3.431
0.0099013 -0.18000 8.17609 1.0992929935 2.4915614128    1.099  0.159  3.7995  4.470    0  0.000  0.537     0.00     0.00     0.00     0.00     0.00 -1 -8.62e-14      0.00 7.256e-01 2.646e-01 1.745e-03 4.767e-04 4.330e-03 -1.000 9.853e-03 4.373 5.792 5.695 5.016 4.586 4.183 3.664 3.334 3.267
0.0099013 -0.18000 8.17609 1.1491919756 2.4995450974    1.149  0.252  3.8095  4.436    1  0.000  0.537     0.00     0.00     0.00     0.00     0.00 -1 -9.94e-14      0.00 7.255e-01 2.646e-01 1.746e-03 4.770e-04 4.333e-03 -1.000 9.866e-03 4.141 5.491 5.419 4.778 4.369 3.981 3.485 3.173 3.110
0.0099013 -0.18000 8.17609 1.1990910769 2.5067698956    1.199  0.341  3.8193  4.405    1  0.000  0.538     0.00     0.00     0.00     0.00     0.00 -1 -1.13e-13      0.00 7.256e-01 2.646e-01 1.747e-03 4.769e-04 4.332e-03 -1.000 9.809e-03 3.919 5.220 5.156 4.550 4.160 3.787 3.314 3.021 2.961
0.0099013 -0.18000 8.17609 1.2489900589 2.5133345127    1.249  0.424  3.8290  4.379    1  0.000  0.537     0.00     0.00     0.00     0.00     0.00 -1 -1.24e-13      0.00 7.257e-01 2.645e-01 1.746e-03 4.768e-04 4.331e-03 -1.000 9.856e-03 3.710 4.970 4.909 4.335 3.964 3.607 3.155 2.883 2.824
0.0099013 -0.18000 8.17609 1.2988889217 2.5193226337    1.299  0.504  3.8390  4.356    1  0.000  0.537     0.00     0.00     0.00     0.00     0.00 -1 -1.34e-13      0.00 7.256e-01 2.646e-01 1.746e-03 4.769e-04 4.333e-03 -1.000 9.855e-03 3.511 4.740 4.674 4.130 3.778 3.438 3.009 2.756 2.699
0.0099013 -0.18000 8.17609 1.3487880230 2.5248041153    1.349  0.579  3.8498  4.340    1  0.000  0.537     0.00     0.00     0.00     0.00     0.00 -1 -1.39e-13      0.00 7.257e-01 2.645e-01 1.746e-03 4.768e-04 4.331e-03 -1.000 9.850e-03 3.322 4.523 4.449 3.934 3.604 3.282 2.877 2.645 2.590
0.0099013 -0.18000 8.17609 1.3986871243 2.5298383236    1.399  0.650  3.8624  4.335    1  0.000  0.537     0.00     0.00     0.00     0.00     0.00 -1 -1.39e-13      0.00 7.258e-01 2.644e-01 1.745e-03 4.767e-04 4.330e-03 -1.000 9.840e-03 3.144 4.321 4.233 3.752 3.446 3.146 2.769 2.561 2.507
0.0099013 -0.18000 8.17609 1.4365975857 2.5333952904    1.437  0.701  3.8733  4.340    1  0.000  0.537     0.00     0.00     0.00     0.00     0.00 -1 -1.33e-13      0.00 7.259e-01 2.643e-01 1.745e-03 4.766e-04 4.329e-03 -1.000 9.824e-03 3.017 4.177 4.075 3.621 3.337 3.056 2.702 2.514 2.461
0.0099013 -0.18000 8.17609 1.4485861063 2.5344755650    1.449  0.717  3.8767  4.341    1  0.000  0.537     0.00     0.00     0.00     0.00     0.00 -1 -1.32e-13      0.00 7.259e-01 2.643e-01 1.745e-03 4.766e-04 4.329e-03 -1.000 9.820e-03 2.977 4.133 4.026 3.581 3.303 3.028 2.681 2.499 2.446
0.0099013 -0.18000 8.17609 1.4984848499 2.5387597084    1.499  0.782  3.8913  4.349    1  0.000  0.538     0.00     0.00     0.00     0.00     0.00 -1  -1.2e-13      0.00 7.260e-01 2.643e-01 1.745e-03 4.765e-04 4.328e-03 -1.000 9.789e-03 2.814 3.953 3.826 3.416 3.167 2.918 2.601 2.444 2.393
0.0099013 -0.18000 8.17609 1.5483839512 2.5427277088    1.548  0.846  3.9054  4.356    1  0.000  0.537     0.00     0.00     0.00     0.00     0.00 -1 -1.02e-13      0.00 7.260e-01 2.642e-01 1.744e-03 4.763e-04 4.327e-03 -1.000 9.826e-03 2.656 3.782 3.638 3.262 3.041 2.816 2.525 2.391 2.340
0.0099013 -0.18000 8.17609 1.5982830524 2.5464119911    1.598  0.906  3.9185  4.361    1  0.000  0.537     0.00     0.00     0.00     0.00     0.00 -1 -7.65e-14      0.00 7.261e-01 2.641e-01 1.744e-03 4.762e-04 4.326e-03 -1.000 9.818e-03 2.505 3.622 3.463 3.121 2.925 2.722 2.455 2.338 2.289
0.0099013 -0.18000 8.17609 1.6354242563 2.5489873886    1.635  0.949  3.9277  4.365    1  0.000  0.537     0.00     0.00     0.00     0.00     0.00 -1    -5e-14      0.00 7.262e-01 2.640e-01 1.743e-03 4.761e-04 4.325e-03 -1.000 9.812e-03 2.396 3.508 3.342 3.024 2.845 2.656 2.405 2.300 2.250
0.0099013 -0.18000 8.17609 1.6481819153 2.5498411655    1.648  0.964  3.9308  4.366    1  0.000  0.537     0.00     0.00     0.00     0.00     0.00 -1 -4.33e-14      0.00 7.262e-01 2.640e-01 1.743e-03 4.761e-04 4.325e-03 -1.000 9.812e-03 2.360 3.469 3.302 2.992 2.819 2.634 2.388 2.286 2.237
0.0099013 -0.18000 8.17609 1.6980811357 2.5530395508    1.697  1.020  3.9423  4.369    1  0.000  0.537     0.00     0.00     0.00     0.00     0.00 -1 -4.35e-30      0.00 7.263e-01 2.639e-01 1.743e-03 4.760e-04 4.325e-03 -1.000 9.811e-03 2.221 3.325 3.160 2.879 2.723 2.553 2.324 2.234 2.186
0.0099013 -0.18000 8.17609 1.7032999992 2.5533616543    1.702  1.025  3.9434  4.370    1  0.000  0.537     0.00     0.00     0.00     0.00     0.00 -1 -3.72e-30      0.00 7.263e-01 2.639e-01 1.743e-03 4.760e-04 4.324e-03 -1.000 9.811e-03 2.207 3.310 3.147 2.868 2.713 2.545 2.318 2.228 2.181
0.0099013 -0.18000 8.17609 1.7479801178 2.5560288429    1.747  1.073  3.9529  4.371    1  0.000  0.537     0.00     0.00     0.00     0.00     0.00 -1    -1e-30      0.00 7.263e-01 2.639e-01 1.743e-03 4.759e-04 4.323e-03 -1.000 9.812e-03 2.087 3.186 3.033 2.774 2.632 2.475 2.261 2.180 2.133
0.0099013 -0.18000 8.17609 1.7978790998 2.5588281155    1.797  1.124  3.9628  4.371    1  0.000  0.537     0.00     0.00     0.00     0.00     0.00 -1    -1e-30      0.00 7.264e-01 2.638e-01 1.743e-03 4.759e-04 4.323e-03 -1.000 9.811e-03 1.959 3.055 2.918 2.678 2.547 2.400 2.199 2.125 2.081
0.0099013 -0.18000 8.17609 1.8172903061 2.5598692894    1.816  1.144  3.9663  4.371    1  0.000  0.537     0.00     0.00     0.00     0.00     0.00 -1    -1e-30      0.00 7.264e-01 2.638e-01 1.743e-03 4.758e-04 4.323e-03 -1.000 9.811e-03 1.911 3.006 2.875 2.643 2.514 2.371 2.175 2.103 2.060
0.0099013 -0.18000 8.17609 1.8477780819 2.5614540577    1.847  1.174  3.9718  4.370    1  0.000  0.537     0.00     0.00     0.00     0.00     0.00 -1    -1e-30      0.00 7.264e-01 2.638e-01 1.742e-03 4.758e-04 4.323e-03 -1.000 9.811e-03 1.836 2.931 2.811 2.588 2.465 2.326 2.137 2.069 2.026
0.0099013 -0.18000 8.17609 1.8996642828 2.5640172958    1.899  1.223  3.9806  4.368    1  0.000  0.537     0.00     0.00     0.00     0.00     0.00 -1    -1e-30      0.00 7.264e-01 2.638e-01 1.742e-03 4.758e-04 4.322e-03 -1.000 9.811e-03 1.712 2.808 2.708 2.499 2.384 2.252 2.074 2.011 1.970
0.0099013 -0.18000 8.17609 1.9515501261 2.5664241314    1.951  1.272  3.9889  4.364    1  0.000  0.537     0.00     0.00     0.00     0.00     0.00 -1    -1e-30      0.00 7.265e-01 2.637e-01 1.742e-03 4.757e-04 4.321e-03 -1.000 9.819e-03 1.591 2.691 2.610 2.415 2.305 2.179 2.011 1.952 1.913
0.0099013 -0.18000 8.17609 2.0022161007 2.5686366558    2.002  1.317  3.9966  4.360    1  0.000  0.537     0.00     0.00     0.00     0.00     0.00 -1    -1e-30      0.00 7.265e-01 2.636e-01 1.741e-03 4.757e-04 4.321e-03 -1.000 9.814e-03 1.476 2.579 2.519 2.335 2.230 2.110 1.950 1.894 1.858
0.0099013 -0.18000 8.17609 2.0034360886 2.5686883926    2.003  1.319  3.9968  4.360    1  0.000  0.537     0.00     0.00     0.00     0.00     0.00 -1    -1e-30      0.00 7.265e-01 2.636e-01 1.741e-03 4.757e-04 4.321e-03 -1.000 9.814e-03 1.474 2.577 2.517 2.333 2.228 2.108 1.948 1.893 1.856
0.0099013 -0.18000 8.17609 2.0553219318 2.5708215237    2.055  1.364  4.0043  4.356    1  0.000  0.537     0.00     0.00     0.00     0.00     0.00 -1    -1e-30      0.00 7.266e-01 2.636e-01 1.741e-03 4.756e-04 4.321e-03 -1.000 9.816e-03 1.359 2.466 2.427 2.254 2.153 2.037 1.886 1.833 1.799
0.0099013 -0.18000 8.17609 2.1072080135 2.5728344917    2.106  1.409  4.0115  4.350    1  0.000  0.537     0.00     0.00     0.00     0.00     0.00 -1    -1e-30      0.00 7.266e-01 2.636e-01 1.741e-03 4.756e-04 4.320e-03 -1.000 9.812e-03 1.247 2.358 2.340 2.176 2.079 1.967 1.824 1.774 1.742
0.0099013 -0.18000 8.17609 2.1590938568 2.5747363567    2.158  1.453  4.0184  4.345    1  0.000  0.537     0.00     0.00     0.00     0.00     0.00 -1    -1e-30      0.00 7.266e-01 2.636e-01 1.741e-03 4.756e-04 4.320e-03 -1.000 9.812e-03 1.138 2.253 2.256 2.101 2.006 1.898 1.763 1.715 1.685
0.0099013 -0.18000 8.17609 2.2109801769 2.5765361786    2.209  1.496  4.0252  4.339    1  0.000  0.537     0.00     0.00     0.00     0.00     0.00 -1    -1e-30      0.00 7.266e-01 2.636e-01 1.741e-03 4.755e-04 4.320e-03 -1.000 9.823e-03 1.030 2.151 2.175 2.027 1.935 1.831 1.702 1.657 1.629
0.0099013 -0.18000 8.17609 2.2628660202 2.5782413483    2.261  1.538  4.0316  4.333    1  0.000  0.537     0.00     0.00     0.00     0.00     0.00 -1    -1e-30      0.00 7.266e-01 2.635e-01 1.741e-03 4.755e-04 4.320e-03 -1.000 9.842e-03 0.925 2.052 2.096 1.955 1.865 1.764 1.642 1.599 1.573
0.0099013 -0.18000 8.17609 2.3147518635 2.5798587799    2.313  1.579  4.0377  4.326    1  0.000  0.537     0.00     0.00     0.00     0.00     0.00 -1    -1e-30      0.00 7.266e-01 2.635e-01 1.741e-03 4.755e-04 4.320e-03 -1.000 9.825e-03 0.823 1.956 2.019 1.884 1.797 1.698 1.583 1.541 1.517
0.0099013 -0.18000 8.17609 2.3666379452 2.5813949108    2.365  1.619  4.0437  4.320    1  0.000  0.537     0.00     0.00     0.00     0.00     0.00 -1    -1e-30      0.00 7.266e-01 2.635e-01 1.741e-03 4.755e-04 4.320e-03 -1.000 9.850e-03 0.723 1.862 1.944 1.815 1.729 1.632 1.524 1.484 1.461
0.0099013 -0.18000 8.17609 2.4185237885 2.5828557014    2.417  1.658  4.0495  4.313    1  0.000  0.537     0.00     0.00     0.00     0.00     0.00 -1    -1e-30      0.00 7.263e-01 2.638e-01 1.743e-03 4.759e-04 4.323e-03 -1.000 9.847e-03 0.625 1.771 1.871 1.746 1.663 1.568 1.466 1.428 1.406
0.0099013 -0.18000 8.17609 2.4359195232 2.5833294392    2.434  1.671  4.0514  4.311    1  0.000  0.537     0.00     0.00     0.00     0.00     0.00 -1    -1e-30      0.00 7.261e-01 2.640e-01 1.744e-03 4.762e-04 4.326e-03 -1.000 9.851e-03 0.593 1.741 1.848 1.724 1.641 1.548 1.447 1.410 1.388
0.0099013 -0.18000 8.17609 2.4704098701 2.5842459202    2.468  1.696  4.0551  4.307    1  0.000  0.538     0.00     0.00     0.00     0.00     0.00 -1    -1e-30      0.00 7.256e-01 2.645e-01 1.747e-03 4.770e-04 4.333e-03 -1.000 9.855e-03 0.530 1.683 1.801 1.681 1.599 1.507 1.409 1.373 1.353
0.0099013 -0.18000 8.17609 2.6334962845 2.5882086754    2.632  1.815  4.0719  4.283    1  0.000  0.538     0.00     0.00     0.00     0.00     0.00 -1    -1e-30      0.00 7.238e-01 2.663e-01 1.756e-03 4.794e-04 4.355e-03 -1.000 9.889e-03 0.233 1.411 1.581 1.473 1.395 1.310 1.229 1.197 1.181
0.0099013 -0.18000 8.17609 2.6779539585 2.5891933441    2.676  1.847  4.0762  4.276    1  0.000  0.538     0.00     0.00     0.00     0.00     0.00 -1    -1e-30      0.00 7.233e-01 2.668e-01 1.759e-03 4.802e-04 4.362e-03 -1.000 9.911e-03 0.154 1.339 1.522 1.417 1.340 1.256 1.179 1.148 1.133
0.0099013 -0.18000 8.17609 2.7353601456 2.5904102325    2.734  1.887  4.0815  4.266    1  0.000  0.538     0.00     0.00     0.00     0.00     0.00 -1    -1e-30      0.00 7.233e-01 2.668e-01 1.759e-03 4.802e-04 4.362e-03 -1.000 9.911e-03 0.053 1.248 1.447 1.345 1.269 1.187 1.115 1.086 1.072
0.0099013 -0.18000 8.17609 2.8854978085 2.5933310986    2.884  1.990  4.0943  4.237    1  0.000  0.538     0.00     0.00     0.00     0.00     0.00 -1    -1e-30      0.00 7.233e-01 2.668e-01 1.759e-03 4.802e-04 4.362e-03 -1.000 9.911e-03 -0.205 1.013 1.251 1.157 1.084 1.006 0.946 0.919 0.908
0.0099013 -0.18000 8.17609 2.8867735863 2.5933544636    2.885  1.991  4.0944  4.237    1  0.000  0.538     0.00     0.00     0.00     0.00     0.00 -1    -1e-30      0.00 7.233e-01 2.668e-01 1.759e-03 4.802e-04 4.362e-03 -1.000 9.911e-03 -0.207 1.012 1.249 1.156 1.083 1.005 0.944 0.918 0.907
0.0099013 -0.18000 8.17609 3.0214915276 2.5956909657    3.020  2.081  4.1048  4.208    1  0.000  0.538     0.00     0.00     0.00     0.00     0.00 -1    -1e-30      0.00 7.233e-01 2.668e-01 1.759e-03 4.802e-04 4.362e-03 -1.000 9.911e-03 -0.431 0.808 1.075 0.989 0.917 0.843 0.791 0.768 0.759
0.0099013 -0.18000 8.17609 3.0930416584 2.5968370438    3.091  2.128  4.1098  4.192    1  0.000  0.538     0.00     0.00     0.00     0.00     0.00 -1    -1e-30      0.00 7.233e-01 2.668e-01 1.759e-03 4.802e-04 4.362e-03 -1.000 9.911e-03 -0.549 0.701 0.983 0.899 0.829 0.756 0.709 0.686 0.678
0.0099013 -0.18000 8.17609 3.1767253876 2.5981025696    3.175  2.182  4.1154  4.172    1  0.000  0.538     0.00     0.00     0.00     0.00     0.00 -1    -1e-30      0.00 7.233e-01 2.668e-01 1.759e-03 4.802e-04 4.362e-03 -1.000 9.911e-03 -0.685 0.579 0.876 0.795 0.727 0.655 0.613 0.591 0.585
0.0099013 -0.18000 8.17609 3.2805376053 2.5995697975    3.278  2.249  4.1215  4.143    1  0.000  0.538     0.00     0.00     0.00     0.00     0.00 -1    -1e-30      0.00 7.233e-01 2.668e-01 1.759e-03 4.802e-04 4.362e-03 -1.000 9.911e-03 -0.853 0.425 0.738 0.662 0.594 0.525 0.487 0.467 0.462
0.0099013 -0.18000 8.17609 3.3005855083 2.5998408794    3.298  2.262  4.1226  4.136    1  0.000  0.538     0.00     0.00     0.00     0.00     0.00 -1    -1e-30      0.00 7.233e-01 2.668e-01 1.759e-03 4.802e-04 4.362e-03 -1.000 9.911e-03 -0.885 0.394 0.711 0.635 0.568 0.498 0.462 0.442 0.437
0.0099013 -0.18000 8.17609 3.3747334480 2.6008114815    3.372  2.310  4.1261  4.113    1  0.000  0.538     0.00     0.00     0.00     0.00     0.00 -1    -1e-30      0.00 7.233e-01 2.668e-01 1.759e-03 4.802e-04 4.362e-03 -1.000 9.911e-03 -1.004 0.284 0.610 0.537 0.470 0.402 0.368 0.349 0.344
0.0099013 -0.18000 8.17609 3.4603338242 2.6018729210    3.457  2.364  4.1296  4.083    1  0.000  0.538     0.00     0.00     0.00     0.00     0.00 -1    -1e-30      0.00 7.233e-01 2.668e-01 1.759e-03 4.802e-04 4.362e-03 -1.000 9.911e-03 -1.141 0.154 0.491 0.420 0.353 0.286 0.255 0.237 0.233
0.0099013 -0.18000 8.17609 3.5081298351 2.6024396420    3.505  2.395  4.1313  4.065    1  0.000  0.538     0.00     0.00     0.00     0.00     0.00 -1    -1e-30      0.00 7.233e-01 2.668e-01 1.759e-03 4.802e-04 4.362e-03 -1.000 9.911e-03 -1.218 0.081 0.423 0.353 0.287 0.220 0.190 0.172 0.169
0.0099013 -0.18000 8.17609 3.5160295963 2.6025316715    3.513  2.400  4.1316  4.062    1  0.000  0.538     0.00     0.00     0.00     0.00     0.00 -1    -1e-30      0.00 7.233e-01 2.668e-01 1.759e-03 4.802e-04 4.362e-03 -1.000 9.911e-03 -1.230 0.069 0.411 0.342 0.276 0.209 0.180 0.162 0.158
0.0099013 -0.18000 8.17609 3.5894434452 2.6033639908    3.586  2.447  4.1334  4.031    1  0.000  0.538     0.00     0.00     0.00     0.00     0.00 -1    -1e-30      0.00 7.233e-01 2.668e-01 1.759e-03 4.802e-04 4.362e-03 -1.000 9.911e-03 -1.348 -0.046 0.302 0.234 0.169 0.102 0.074 0.057 0.054
0.0099013 -0.18000 8.17609 3.6564891338 2.6040909290    3.653  2.491  4.1342  3.999    1  0.000  0.538     0.00     0.00     0.00     0.00     0.00 -1    -1e-30      0.00 7.233e-01 2.668e-01 1.759e-03 4.802e-04 4.362e-03 -1.000 9.911e-03 -1.457 -0.155 0.196 0.130 0.064 -0.002 -0.029 -0.047 -0.050
0.0099013 -0.18000 8.17609 3.7156734467 2.6047074795    3.712  2.529  4.1341  3.967    1  0.000  0.538     0.00     0.00     0.00     0.00     0.00 -1    -1e-30      0.00 7.233e-01 2.668e-01 1.759e-03 4.802e-04 4.362e-03 -1.000 9.911e-03 -1.553 -0.254 0.099 0.033 -0.033 -0.099 -0.127 -0.144 -0.147
0.0099013 -0.18000 8.17609 3.7353699207 2.6049077511    3.732  2.542  4.1341  3.956    1  0.000  0.538     0.00     0.00     0.00     0.00     0.00 -1    -1e-30      0.00 7.233e-01 2.668e-01 1.759e-03 4.802e-04 4.362e-03 -1.000 9.911e-03 -1.585 -0.287 0.067 0.001 -0.065 -0.132 -0.159 -0.177 -0.179
0.0099013 -0.18000 8.17609 3.8119654655 2.6056635380    3.809  2.592  4.1328  3.910    1  0.000  0.538     0.00     0.00     0.00     0.00     0.00 -1    -1e-30      0.00 7.233e-01 2.668e-01 1.759e-03 4.802e-04 4.362e-03 -1.000 9.911e-03 -1.710 -0.419 -0.066 -0.132 -0.198 -0.265 -0.293 -0.312 -0.314
0.0099013 -0.18000 8.17609 3.8708126545 2.6062211990    3.869  2.631  4.1301  3.867    1  0.000  0.538     0.00     0.00     0.00     0.00     0.00 -1    -1e-30      0.00 7.233e-01 2.668e-01 1.759e-03 4.802e-04 4.362e-03 -1.000 9.911e-03 -1.808 -0.528 -0.179 -0.245 -0.313 -0.381 -0.411 -0.430 -0.433
0.0099013 -0.18000 8.17609 3.9232175350 2.6067016125    3.921  2.667  4.1267  3.823    1  0.000  0.538     0.00     0.00     0.00     0.00     0.00 -1    -1e-30      0.00 7.233e-01 2.668e-01 1.759e-03 4.802e-04 4.362e-03 -1.000 9.911e-03 -1.897 -0.629 -0.286 -0.354 -0.422 -0.492 -0.524 -0.544 -0.548
0.0099013 -0.18000 8.17609 3.9616498947 2.6070444584    3.960  2.692  4.1237  3.790    1  0.000  0.538     0.00     0.00     0.00     0.00     0.00 -1    -1e-30      0.00 7.233e-01 2.668e-01 1.759e-03 4.802e-04 4.362e-03 -1.000 9.911e-03 -1.961 -0.705 -0.367 -0.435 -0.505 -0.575 -0.610 -0.630 -0.634
0.0099013 -0.18000 8.17609 4.0162343979 2.6075186729    4.014  2.730  4.1176  3.734    1  0.000  0.538     0.00     0.00     0.00     0.00     0.00 -1    -1e-30      0.00 7.233e-01 2.668e-01 1.759e-03 4.802e-04 4.362e-03 -1.000 9.911e-03 -2.055 -0.820 -0.493 -0.564 -0.635 -0.708 -0.747 -0.769 -0.774
0.0099013 -0.18000 8.17609 4.0607452393 2.6078944206    4.059  2.761  4.1106  3.680    1  0.000  0.538     0.00     0.00     0.00     0.00     0.00 -1    -1e-30      0.00 7.233e-01 2.668e-01 1.759e-03 4.802e-04 4.362e-03 -1.000 9.911e-03 -2.133 -0.922 -0.609 -0.682 -0.755 -0.831 -0.875 -0.899 -0.905
0.0099013 -0.18000 8.17609 4.1011495590 2.6082274914    4.099  2.790  4.1034  3.626    1  0.000  0.538     0.00     0.00     0.00     0.00     0.00 -1    -1e-30      0.00 7.233e-01 2.668e-01 1.759e-03 4.802e-04 4.362e-03 -1.000 9.911e-03 -2.204 -1.016 -0.719 -0.794 -0.869 -0.947 -0.998 -1.023 -1.031
0.0099013 -0.18000 8.17609 4.1307611465 2.6084668636    4.129  2.812  4.0969  3.582    1  0.000  0.538     0.00     0.00     0.00     0.00     0.00 -1    -1e-30      0.00 7.233e-01 2.668e-01 1.759e-03 4.802e-04 4.362e-03 -1.000 9.911e-03 -2.259 -1.089 -0.807 -0.885 -0.961 -1.042 -1.098 -1.125 -1.134
0.0099013 -0.18000 8.17609 4.1380543709 2.6085252762    4.136  2.817  4.0953  3.571    1  0.000  0.538     0.00     0.00     0.00     0.00     0.00 -1    -1e-30      0.00 7.233e-01 2.668e-01 1.759e-03 4.802e-04 4.362e-03 -1.000 9.911e-03 -2.272 -1.107 -0.828 -0.907 -0.984 -1.065 -1.122 -1.150 -1.159
0.0099013 -0.18000 8.17609 4.1733994484 2.6088047028    4.171  2.846  4.0880  3.516    1  0.000  0.538     0.00     0.00     0.00     0.00     0.00 -1    -1e-30      0.00 7.233e-01 2.668e-01 1.759e-03 4.802e-04 4.362e-03 -1.000 9.911e-03 -2.344 -1.200 -0.938 -1.019 -1.098 -1.182 -1.245 -1.275 -1.285
0.0099013 -0.18000 8.17609 4.1874938011 2.6089146137    4.185  2.859  4.0870  3.501    1  0.000  0.538     0.00     0.00     0.00     0.00     0.00 -1    -1e-30      0.00 7.233e-01 2.668e-01 1.759e-03 4.802e-04 4.362e-03 -1.000 9.911e-03 -2.378 -1.237 -0.976 -1.058 -1.137 -1.222 -1.286 -1.316 -1.326
0.0099013 -0.18000 8.17609 4.2036385536 2.6090395451    4.201  2.883  4.0950  3.511    1  0.000  0.538     0.00     0.00     0.00     0.00     0.00 -1    -1e-30      0.00 7.233e-01 2.668e-01 1.759e-03 4.802e-04 4.362e-03 -1.000 9.911e-03 -2.437 -1.277 -0.995 -1.073 -1.151 -1.232 -1.289 -1.318 -1.326
0.0099013 -0.18000 8.17609 4.2088088989 2.6090793610    4.206  2.898  4.1054  3.537    1  0.000  0.538     0.00     0.00     0.00     0.00     0.00 -1    -1e-30      0.00 7.233e-01 2.668e-01 1.759e-03 4.802e-04 4.362e-03 -1.000 9.911e-03 -2.475 -1.288 -0.981 -1.054 -1.129 -1.207 -1.255 -1.281 -1.287
0.0099013 -0.18000 8.17609 4.2110633850 2.6090965271    4.208  2.912  4.1161  3.566    1  0.000  0.538     0.00     0.00     0.00     0.00     0.00 -1    -1e-30      0.00 7.233e-01 2.668e-01 1.759e-03 4.802e-04 4.362e-03 -1.000 9.911e-03 -2.511 -1.293 -0.961 -1.029 -1.102 -1.176 -1.215 -1.239 -1.243
0.0099013 -0.18000 8.17609 4.2121872902 2.6091051102    4.209  2.928  4.1264  3.592    1  0.000  0.538     0.00     0.00     0.00     0.00     0.00 -1    -1e-30      0.00 7.233e-01 2.668e-01 1.759e-03 4.802e-04 4.362e-03 -1.000 9.911e-03 -2.549 -1.300 -0.944 -1.008 -1.078 -1.149 -1.180 -1.201 -1.204
0.0099013 -0.18000 8.17609 4.2128353119 2.6091101170    4.210  2.945  4.1365  3.615    1  0.000  0.538     0.00     0.00     0.00     0.00     0.00 -1    -1e-30      0.00 7.233e-01 2.668e-01 1.759e-03 4.802e-04 4.362e-03 -1.000 9.911e-03 -2.593 -1.313 -0.935 -0.995 -1.062 -1.129 -1.153 -1.172 -1.173
0.0099013 -0.18000 8.17609 4.2132520676 2.6091132164    4.210  2.963  4.1454  3.633    1  0.000  0.538     0.00     0.00     0.00     0.00     0.00 -1    -1e-30      0.00 7.233e-01 2.668e-01 1.759e-03 4.802e-04 4.362e-03 -1.000 9.911e-03 -2.638 -1.330 -0.932 -0.988 -1.053 -1.117 -1.135 -1.151 -1.151
0.0099013 -0.18000 8.17609 4.2133755684 2.6091141701    4.210  2.966  4.1474  3.638    1  0.000  0.538     0.00     0.00     0.00     0.00     0.00 -1    -1e-30      0.00 7.233e-01 2.668e-01 1.759e-03 4.802e-04 4.362e-03 -1.000 9.911e-03 -2.645 -1.331 -0.929 -0.984 -1.048 -1.112 -1.128 -1.144 -1.143
0.0099013 -0.18000 8.17609 4.2135281563 2.6091153622    4.211  2.947  4.1426  3.638    2  0.000  0.538     0.00     0.00     0.00     0.00     0.00 -1    -1e-30      0.00 7.233e-01 2.668e-01 1.759e-03 4.802e-04 4.362e-03 -1.000 9.911e-03 -2.597 -1.297 -0.907 -0.964 -1.029 -1.095 -1.114 -1.131 -1.131
0.0099013 -0.18000 8.17609 4.2136564255 2.6091163158    4.211  2.926  4.1351  3.629    2  0.000  0.538     0.00     0.00     0.00     0.00     0.00 -1    -1e-30      0.00 7.233e-01 2.668e-01 1.759e-03 4.802e-04 4.362e-03 -1.000 9.911e-03 -2.544 -1.267 -0.894 -0.954 -1.022 -1.089 -1.115 -1.133 -1.135
0.0099013 -0.18000 8.17609 4.2137746811 2.6091172695    4.211  2.911  4.1260  3.607    2  0.000  0.538     0.00     0.00     0.00     0.00     0.00 -1    -1e-30      0.00 7.233e-01 2.668e-01 1.759e-03 4.802e-04 4.362e-03 -1.000 9.911e-03 -2.508 -1.259 -0.906 -0.970 -1.040 -1.111 -1.143 -1.163 -1.166
0.0099013 -0.18000 8.17609 4.2139291763 2.6091184616    4.211  2.908  4.1143  3.564    2  0.000  0.538     0.00     0.00     0.00     0.00     0.00 -1    -1e-30      0.00 7.233e-01 2.668e-01 1.759e-03 4.802e-04 4.362e-03 -1.000 9.911e-03 -2.499 -1.287 -0.959 -1.028 -1.101 -1.176 -1.217 -1.240 -1.245
0.0099013 -0.18000 8.17609 4.2141008377 2.6091198921    4.211  2.918  4.1025  3.506    2  0.000  0.538     0.00     0.00     0.00     0.00     0.00 -1    -1e-30      0.00 7.233e-01 2.668e-01 1.759e-03 4.802e-04 4.362e-03 -1.000 9.911e-03 -2.525 -1.348 -1.046 -1.120 -1.196 -1.275 -1.325 -1.352 -1.359
0.0099013 -0.18000 8.17609 4.2142934799 2.6091213226    4.211  2.932  4.0905  3.444    2  0.000  0.538     0.00     0.00     0.00     0.00     0.00 -1    -1e-30      0.00 7.233e-01 2.668e-01 1.759e-03 4.802e-04 4.362e-03 -1.000 9.911e-03 -2.561 -1.417 -1.142 -1.222 -1.301 -1.384 -1.445 -1.475 -1.484
0.0099013 -0.18000 8.17609 4.2144999504 2.6091229916    4.212  2.944  4.0785  3.385    2  0.000  0.538     0.00     0.00     0.00     0.00     0.00 -1    -1e-30      0.00 7.233e-01 2.668e-01 1.759e-03 4.802e-04 4.362e-03 -1.000 9.911e-03 -2.590 -1.477 -1.231 -1.316 -1.398 -1.486 -1.557 -1.590 -1.601
0.0099013 -0.18000 8.17609 4.2147164345 2.6091244221    4.212  2.952  4.0665  3.328    2  0.000  0.538     0.00     0.00     0.00     0.00     0.00 -1    -1e-30      0.00 7.233e-01 2.668e-01 1.759e-03 4.802e-04 4.362e-03 -1.000 9.911e-03 -2.610 -1.525 -1.309 -1.400 -1.485 -1.578 -1.660 -1.696 -1.710
0.0099013 -0.18000 8.17609 4.2149391174 2.6091263294    4.212  2.957  4.0544  3.275    2  0.000  0.538     0.00     0.00     0.00     0.00     0.00 -1    -1e-30      0.00 7.233e-01 2.668e-01 1.759e-03 4.802e-04 4.362e-03 -1.000 9.911e-03 -2.623 -1.562 -1.379 -1.475 -1.564 -1.662 -1.755 -1.795 -1.811
0.0099013 -0.18000 8.17609 4.2151660919 2.6091279984    4.212  2.960  4.0423  3.223    2  0.000  0.538     0.00     0.00     0.00     0.00     0.00 -1    -1e-30      0.00 7.233e-01 2.668e-01 1.759e-03 4.802e-04 4.362e-03 -1.000 9.911e-03 -2.630 -1.592 -1.443 -1.545 -1.637 -1.739 -1.845 -1.888 -1.907
0.0099013 -0.18000 8.17609 4.2153930664 2.6091296673    4.212  2.961  4.0301  3.173    2  0.000  0.538     0.00     0.00     0.00     0.00     0.00 -1    -1e-30      0.00 7.233e-01 2.668e-01 1.759e-03 4.802e-04 4.362e-03 -1.000 9.911e-03 -2.634 -1.615 -1.501 -1.609 -1.704 -1.812 -1.930 -1.978 -1.999
0.0099013 -0.18000 8.17609 4.2156176567 2.6091313362    4.213  2.962  4.0178  3.124    2  0.000  0.538     0.00     0.00     0.00     0.00     0.00 -1    -1e-30      0.00 7.233e-01 2.668e-01 1.759e-03 4.802e-04 4.362e-03 -1.000 9.911e-03 -2.634 -1.631 -1.554 -1.669 -1.767 -1.881 -2.012 -2.064 -2.087
0.0099013 -0.18000 8.17609 4.2158374786 2.6091330051    4.213  2.961  4.0056  3.077    2  0.000  0.538     0.00     0.00     0.00     0.00     0.00 -1    -1e-30      0.00 7.233e-01 2.668e-01 1.759e-03 4.802e-04 4.362e-03 -1.000 9.911e-03 -2.631 -1.642 -1.603 -1.724 -1.826 -1.945 -2.091 -2.147 -2.174
0.0099013 -0.18000 8.17609 4.2160501480 2.6091346741    4.213  2.959  3.9934  3.029    2  0.000  0.538     0.00     0.00     0.00     0.00     0.00 -1    -1e-30      0.00 7.233e-01 2.668e-01 1.759e-03 4.802e-04 4.362e-03 -1.000 9.911e-03 -2.626 -1.646 -1.646 -1.775 -1.882 -2.007 -2.167 -2.228 -2.258
0.0099013 -0.18000 8.17609 4.2162547112 2.6091363430    4.213  2.956  3.9811  2.983    2  0.000  0.538     0.00     0.00     0.00     0.00     0.00 -1    -1e-30      0.00 7.233e-01 2.668e-01 1.759e-03 4.802e-04 4.362e-03 -1.000 9.911e-03 -2.619 -1.645 -1.684 -1.823 -1.934 -2.066 -2.242 -2.307 -2.341
0.0099013 -0.18000 8.17609 4.2164502144 2.6091377735    4.213  2.952  3.9688  2.938    2  0.000  0.538     0.00     0.00     0.00     0.00     0.00 -1    -1e-30      0.00 7.233e-01 2.668e-01 1.759e-03 4.802e-04 4.362e-03 -1.000 9.911e-03 -2.611 -1.636 -1.714 -1.866 -1.982 -2.122 -2.314 -2.385 -2.423
0.0099013 -0.18000 8.17609 4.2166361809 2.6091392040    4.214  2.948  3.9566  2.893    2  0.000  0.538     0.00     0.00     0.00     0.00     0.00 -1    -1e-30      0.00 7.233e-01 2.668e-01 1.759e-03 4.802e-04 4.362e-03 -1.000 9.911e-03 -2.600 -1.621 -1.738 -1.903 -2.028 -2.175 -2.385 -2.462 -2.503
0.0099013 -0.18000 8.17609 4.2168116570 2.6091406345    4.214  2.943  3.9443  2.848    2  0.000  0.538     0.00     0.00     0.00     0.00     0.00 -1    -1e-30      0.00 7.233e-01 2.668e-01 1.759e-03 4.802e-04 4.362e-03 -1.000 9.911e-03 -2.589 -1.599 -1.754 -1.935 -2.068 -2.226 -2.453 -2.537 -2.582
0.0099013 -0.18000 8.17609 4.2169785500 2.6091418266    4.214  2.938  3.9320  2.805    2  0.000  0.538     0.00     0.00     0.00     0.00     0.00 -1    -1e-30      0.00 7.233e-01 2.668e-01 1.759e-03 4.802e-04 4.362e-03 -1.000 9.911e-03 -2.576 -1.568 -1.760 -1.961 -2.105 -2.273 -2.519 -2.612 -2.660
0.0099013 -0.18000 8.17609 4.2171354294 2.6091430187    4.214  2.933  3.9197  2.761    2  0.000  0.538     0.00     0.00     0.00     0.00     0.00 -1    -1e-30      0.00 7.233e-01 2.668e-01 1.759e-03 4.802e-04 4.362e-03 -1.000 9.911e-03 -2.561 -1.526 -1.752 -1.977 -2.135 -2.316 -2.583 -2.685 -2.737
0.0099013 -0.18000 8.17609 4.2172832489 2.6091442108    4.214  2.926  3.9074  2.718    2  0.000  0.538     0.00     0.00     0.00     0.00     0.00 -1    -1e-30      0.00 7.233e-01 2.668e-01 1.759e-03 4.802e-04 4.362e-03 -1.000 9.911e-03 -2.546 -1.478 -1.732 -1.984 -2.159 -2.355 -2.643 -2.759 -2.813
0.0099013 -0.18000 8.17609 4.2174220085 2.6091451645    4.214  2.920  3.8951  2.675    2  0.000  0.538     0.00     0.00     0.00     0.00     0.00 -1    -1e-30      0.00 7.233e-01 2.668e-01 1.759e-03 4.802e-04 4.362e-03 -1.000 9.911e-03 -2.530 -1.425 -1.701 -1.984 -2.178 -2.391 -2.702 -2.832 -2.889
0.0099013 -0.18000 8.17609 4.2175521851 2.6091461182    4.215  2.913  3.8828  2.633    2  0.000  0.538     0.00     0.00     0.00     0.00     0.00 -1    -1e-30      0.00 7.233e-01 2.668e-01 1.759e-03 4.802e-04 4.362e-03 -1.000 9.911e-03 -2.512 -1.368 -1.657 -1.975 -2.192 -2.424 -2.759 -2.905 -2.964
0.0099013 -0.18000 8.17609 4.2176747322 2.6091470718    4.215  2.906  3.8706  2.591    2  0.000  0.538     0.00     0.00     0.00     0.00     0.00 -1    -1e-30      0.00 7.233e-01 2.668e-01 1.759e-03 4.802e-04 4.362e-03 -1.000 9.911e-03 -2.494 -1.308 -1.602 -1.962 -2.203 -2.455 -2.814 -2.978 -3.040
0.0099013 -0.18000 8.17609 4.2177901268 2.6091480255    4.215  2.898  3.8583  2.550    2  0.000  0.538     0.00     0.00     0.00     0.00     0.00 -1    -1e-30      0.00 7.233e-01 2.668e-01 1.759e-03 4.802e-04 4.362e-03 -1.000 9.911e-03 -2.476 -1.245 -1.537 -1.943 -2.211 -2.485 -2.869 -3.052 -3.116
0.0099013 -0.18000 8.17609 4.2178978920 2.6091489792    4.215  2.891  3.8460  2.508    2  0.000  0.538     0.00     0.00     0.00     0.00     0.00 -1    -1e-30      0.00 7.233e-01 2.668e-01 1.759e-03 4.802e-04 4.362e-03 -1.000 9.911e-03 -2.456 -1.179 -1.466 -1.918 -2.213 -2.510 -2.920 -3.125 -3.191
0.0099013 -0.18000 8.17609 4.2179999352 2.6091496944    4.215  2.883  3.8338  2.467    2  0.000  0.538     0.00     0.00     0.00     0.00     0.00 -1    -1e-30      0.00 7.233e-01 2.668e-01 1.759e-03 4.802e-04 4.362e-03 -1.000 9.911e-03 -2.436 -1.108 -1.393 -1.889 -2.212 -2.531 -2.968 -3.197 -3.265
0.0099013 -0.18000 8.17609 4.2180953026 2.6091504097    4.215  2.874  3.8216  2.427    2  0.000  0.538     0.00     0.00     0.00     0.00     0.00 -1    -1e-30      0.00 7.233e-01 2.668e-01 1.759e-03 4.802e-04 4.362e-03 -1.000 9.911e-03 -2.416 -1.031 -1.315 -1.856 -2.206 -2.548 -3.013 -3.267 -3.337
0.0099013 -0.18000 8.17609 4.2181859016 2.6091511250    4.215  2.866  3.8094  2.387    2  0.000  0.538     0.00     0.00     0.00     0.00     0.00 -1    -1e-30      0.00 7.233e-01 2.668e-01 1.759e-03 4.802e-04 4.362e-03 -1.000 9.911e-03 -2.395 -0.943 -1.232 -1.821 -2.198 -2.563 -3.056 -3.335 -3.408
0.0099013 -0.18000 8.17609 4.2182707787 2.6091516018    4.215  2.857  3.7973  2.347    2  0.000  0.538     0.00     0.00     0.00     0.00     0.00 -1    -1e-30      0.00 7.233e-01 2.668e-01 1.759e-03 4.802e-04 4.362e-03 -1.000 9.911e-03 -2.373 -0.842 -1.141 -1.782 -2.187 -2.575 -3.097 -3.401 -3.478
0.0099013 -0.18000 8.17609 4.2183518410 2.6091523170    4.215  2.849  3.7853  2.308    2  0.000  0.538     0.00     0.00     0.00     0.00     0.00 -1    -1e-30      0.00 7.233e-01 2.668e-01 1.759e-03 4.802e-04 4.362e-03 -1.000 9.911e-03 -2.351 -0.731 -1.046 -1.740 -2.174 -2.583 -3.136 -3.467 -3.547
0.0099013 -0.18000 8.17609 4.2184281349 2.6091530323    4.215  2.840  3.7735  2.269    2  0.000  0.538     0.00     0.00     0.00     0.00     0.00 -1    -1e-30      0.00 7.233e-01 2.668e-01 1.759e-03 4.802e-04 4.362e-03 -1.000 9.911e-03 -2.329 -0.603 -0.944 -1.694 -2.156 -2.589 -3.173 -3.532 -3.617
0.0099013 -0.18000 8.17609 4.2185020447 2.6091535091    4.216  2.830  3.7622  2.234    2  0.000  0.538     0.00     0.00     0.00     0.00     0.00 -1    -1e-30      0.00 7.233e-01 2.668e-01 1.759e-03 4.802e-04 4.362e-03 -1.000 9.911e-03 -2.305 -0.468 -0.842 -1.646 -2.135 -2.589 -3.204 -3.592 -3.680
0.0099013 -0.18000 8.17609 4.2185740471 2.6091539860    4.216  2.820  3.7518  2.202    2  0.000  0.538     0.00     0.00     0.00     0.00     0.00 -1    -1e-30      0.00 7.233e-01 2.668e-01 1.759e-03 4.802e-04 4.362e-03 -1.000 9.911e-03 -2.281 -0.330 -0.744 -1.596 -2.108 -2.581 -3.226 -3.641 -3.732
0.0099013 -0.18000 8.17609 4.2186512947 2.6091547012    4.216  2.809  3.7416  2.173    2  0.000  0.538     0.00     0.00     0.00     0.00     0.00 -1    -1e-30      0.00 7.233e-01 2.668e-01 1.759e-03 4.802e-04 4.362e-03 -1.000 9.911e-03 -2.252 -0.184 -0.643 -1.540 -2.075 -2.566 -3.240 -3.683 -3.776
0.0099013 -0.18000 8.17609 4.2187376022 2.6091551781    4.216  2.795  3.7320  2.148    2  0.000  0.538     0.00     0.00     0.00     0.00     0.00 -1    -1e-30      0.00 7.233e-01 2.668e-01 1.759e-03 4.802e-04 4.362e-03 -1.000 9.911e-03 -2.217 -0.025 -0.535 -1.476 -2.033 -2.541 -3.245 -3.713 -3.809
0.0099013 -0.18000 8.17609 4.2188472748 2.6091561317    4.216  2.775  3.7228  2.131    2  0.000  0.538     0.00     0.00     0.00     0.00     0.00 -1    -1e-30      0.00 7.233e-01 2.668e-01 1.759e-03 4.802e-04 4.362e-03 -1.000 9.911e-03 -2.168 0.154 -0.414 -1.398 -1.977 -2.501 -3.233 -3.727 -3.825
0.0099013 -0.18000 8.17609 4.2190027237 2.6091573238    4.216  2.746  3.7124  2.119    2  0.000  0.538     0.00     0.00     0.00     0.00     0.00 -1    -1e-30      0.00 7.233e-01 2.668e-01 1.759e-03 4.802e-04 4.362e-03 -1.000 9.911e-03 -2.095 0.385 -0.256 -1.288 -1.892 -2.434 -3.200 -3.724 -3.824
0.0099013 -0.18000 8.17609 4.2191381454 2.6091582775    4.216  2.723  3.7042  2.108    2  0.000  0.538     0.00     0.00     0.00     0.00     0.00 -1    -1e-30      0.00 7.233e-01 2.668e-01 1.759e-03 4.802e-04 4.362e-03 -1.000 9.911e-03 -2.038 0.579 -0.128 -1.197 -1.822 -2.379 -3.173 -3.721 -3.823
0.0099013 -0.18000 8.17609 4.2192873955 2.6091594696    4.216  2.708  3.6957  2.089    2  0.000  0.538     0.00     0.00     0.00     0.00     0.00 -1    -1e-30      0.00 7.233e-01 2.668e-01 1.759e-03 4.802e-04 4.362e-03 -1.000 9.911e-03 -2.001 0.768 -0.015 -1.123 -1.769 -2.342 -3.165 -3.738 -3.844
0.0099013 -0.18000 8.17609 4.2193365097 2.6091599464    4.216  2.704  3.6929  2.082    2  0.000  0.538     0.00     0.00     0.00     0.00     0.00 -1    -1e-30      0.00 7.233e-01 2.668e-01 1.759e-03 4.802e-04 4.362e-03 -1.000 9.911e-03 -1.991 0.829 0.020 -1.101 -1.755 -2.332 -3.166 -3.747 -3.853
0.0099013 -0.18000 8.17609 4.2193880081 2.6091601849    4.216  2.709  3.6900  2.066    2  0.000  0.538     0.00     0.00     0.00     0.00     0.00 -1    -1e-30      0.00 7.233e-01 2.668e-01 1.759e-03 4.802e-04 4.362e-03 -1.000 9.911e-03 -2.003 0.872 0.035 -1.100 -1.761 -2.344 -3.187 -3.776 -3.884
0.0099013 -0.18000 8.17609 4.2195386887 2.6091613770    4.216  2.731  3.6818  2.012    3  0.000  0.538     0.00     0.00     0.00     0.00     0.00 -1    -1e-30      0.00 7.233e-01 2.668e-01 1.759e-03 4.802e-04 4.362e-03 -1.000 9.911e-03 -2.056 0.989 0.063 -1.112 -1.796 -2.395 -3.268 -3.882 -3.993
0.0099013 -0.18000 8.17609 4.2196502686 2.6091623306    4.217  2.760  3.6759  1.959    3  0.000  0.537     0.00     0.00     0.00     0.00     0.00 -1    -1e-30      0.00 7.233e-01 2.668e-01 1.758e-03 4.803e-04 4.362e-03 -1.000 9.911e-03 -2.130 1.033 0.057 -1.157 -1.858 -2.466 -3.360 -3.986 -4.103
0.0099013 -0.18000 8.17609 4.2197651863 2.6091630459    4.217  2.798  3.6703  1.899    3  0.000  0.536     0.00     0.00     0.00     0.00     0.00 -1    -1e-30      0.00 7.232e-01 2.669e-01 1.754e-03 4.811e-04 4.362e-03 -1.000 9.911e-03 -2.224 1.053 0.029 -1.223 -1.939 -2.556 -3.471 -4.107 -4.230
0.0099013 -0.18000 8.17609 4.2198777199 2.6091639996    4.217  2.834  3.6658  1.845    3  0.000  0.530     0.00     0.00     0.00     0.00     0.00 -1    -1e-30      0.00 7.232e-01 2.669e-01 1.735e-03 4.884e-04 4.362e-03 -1.000 9.911e-03 -2.314 1.060 -0.005 -1.288 -2.017 -2.642 -3.574 -4.218 -4.346
0.0099013 -0.18000 8.17609 4.2200903893 2.6091656685    4.217  2.885  3.6599  1.770    3  0.000  0.500     0.00     0.00     0.00     0.00     0.00 -1    -1e-30      0.00 7.231e-01 2.670e-01 1.635e-03 5.776e-04 4.362e-03 -1.000 9.912e-03 -2.441 1.058 -0.058 -1.383 -2.126 -2.762 -3.717 -4.372 -4.507
0.0099013 -0.18000 8.17609 4.2201724052 2.6091661453    4.217  2.900  3.6582  1.748    3  0.000  0.485     0.00     0.00     0.00     0.00     0.00 -1    -1e-30      0.00 7.230e-01 2.670e-01 1.587e-03 6.324e-04 4.362e-03 -1.000 9.914e-03 -2.479 1.056 -0.075 -1.410 -2.159 -2.797 -3.759 -4.417 -4.555
0.0099013 -0.18000 8.17609 4.2203488350 2.6091675758    4.217  2.924  3.6555  1.713    3  0.000  0.458     0.00     0.00     0.00     0.00     0.00 -1    -1e-30      0.00 7.230e-01 2.671e-01 1.500e-03 7.385e-04 4.362e-03 -1.000 9.947e-03 -2.541 1.091 -0.101 -1.449 -2.210 -2.857 -3.830 -4.501 -4.638
0.0099013 -0.18000 8.17609 4.2204365730 2.6091682911    4.217  2.936  3.6543  1.697    3  0.000  0.446     0.00     0.00     0.00     0.00     0.00 -1    -1e-30      0.00 7.229e-01 2.671e-01 1.460e-03 7.869e-04 4.362e-03 -1.000 9.992e-03 -2.569 1.089 -0.114 -1.470 -2.234 -2.883 -3.861 -4.535 -4.674
0.0099013 -0.18000 8.17609 4.2207140923 2.6091704369    4.218  2.967  3.6510  1.652    3  0.000  0.421     0.00     0.00     0.00     0.00     0.00 -1    -1e-30      0.00 7.228e-01 2.672e-01 1.378e-03 8.887e-04 4.362e-03 -1.000 9.986e-03 -2.647 1.085 -0.149 -1.527 -2.300 -2.955 -3.947 -4.627 -4.770
0.0099013 -0.18000 8.17609 4.2211289406 2.6091735363    4.218  3.012  3.6465  1.589    3  0.000  0.395     0.00     0.00     0.00     0.00     0.00 -1    -1e-30      0.00 7.227e-01 2.673e-01 1.291e-03 9.960e-04 4.360e-03 -1.000 1.001e-02 -2.759 1.078 -0.200 -1.609 -2.393 -3.058 -4.070 -4.759 -4.908
0.0099013 -0.18000 8.17609 4.2215447426 2.6091766357    4.219  3.056  3.6423  1.528    3  0.000  0.381     0.00     0.00     0.00     0.00     0.00 -1    -1e-30      0.00 7.218e-01 2.682e-01 1.235e-03 1.102e-03 4.319e-03 -1.000 9.999e-03 -2.869 1.064 -0.254 -1.691 -2.486 -3.160 -4.190 -4.886 -5.043
0.0099013 -0.18000 8.17609 4.2219138145 2.6091794968    4.219  3.095  3.6388  1.476    3  0.000  0.378     0.00     0.00     0.00     0.00     0.00 -1    -1e-30      0.00 7.191e-01 2.709e-01 1.194e-03 1.243e-03 4.214e-03 -1.000 9.978e-03 -2.967 1.061 -0.302 -1.762 -2.567 -3.250 -4.296 -5.000 -5.161
0.0099013 -0.18000 8.17609 4.2223291397 2.6091825962    4.219  3.138  3.6350  1.417    3  0.000  0.377     0.00     0.00     0.00     0.00     0.00 -1    -1e-30      0.00 7.138e-01 2.763e-01 1.157e-03 1.397e-03 4.091e-03 -1.000 9.969e-03 -3.076 1.074 -0.353 -1.838 -2.658 -3.352 -4.414 -5.129 -5.295
0.0099013 -0.18000 8.17609 4.2226977348 2.6091854572    4.220  3.177  3.6318  1.365    3  0.000  0.377     0.00     0.00     0.00     0.00     0.00 -1    -1e-30      0.00 7.080e-01 2.820e-01 1.130e-03 1.512e-03 3.998e-03 -1.000 9.969e-03 -3.172 1.083 -0.400 -1.907 -2.739 -3.442 -4.519 -5.243 -5.413
0.0099013 -0.18000 8.17609 4.2230668068 2.6091883183    4.220  3.215  3.6285  1.314    3  0.000  0.377     0.00     0.00     0.00     0.00     0.00 -1    -1e-30      0.00 7.025e-01 2.875e-01 1.110e-03 1.600e-03 3.926e-03 -1.000 9.994e-03 -3.268 1.094 -0.445 -1.973 -2.818 -3.531 -4.623 -5.356 -5.530
0.0099013 -0.18000 8.17609 4.2235851288 2.6091921329    4.221  3.253  3.6254  1.264    3  0.000  0.377     0.00     0.00     0.00     0.00     0.00 -1    -1e-30      0.00 6.977e-01 2.923e-01 1.094e-03 1.668e-03 3.871e-03 -1.000 9.989e-03 -3.363 1.100 -0.491 -2.039 -2.896 -3.619 -4.725 -5.468 -5.646
0.0099013 -0.18000 8.17609 4.2244791985 2.6091990471    4.221  3.277  3.6235  1.232    3  0.000  0.377     0.00     0.00     0.00     0.00     0.00 -1    -1e-30      0.00 6.954e-01 2.947e-01 1.087e-03 1.698e-03 3.846e-03 -1.000 9.961e-03 -3.423 1.103 -0.520 -2.081 -2.945 -3.675 -4.789 -5.537 -5.717
0.0099013 -0.18000 8.17609 4.2318525314 2.6092550755    4.229  3.240  3.6273  1.286    4  0.000  0.377     0.00     0.00     0.00     0.00     0.00 -1    -1e-30      0.00 6.954e-01 2.947e-01 1.087e-03 1.698e-03 3.846e-03 -1.000 9.960e-03 -3.330 1.075 -0.487 -2.024 -2.873 -3.590 -4.687 -5.424 -5.599
0.0099013 -0.18000 8.17609 4.2371191978 2.6092948914    4.234  3.198  3.6313  1.344    4  0.000  0.377     0.00     0.00     0.00     0.00     0.00 -1    -1e-30      0.00 6.954e-01 2.946e-01 1.087e-03 1.698e-03 3.846e-03 -1.000 9.958e-03 -3.226 1.052 -0.444 -1.957 -2.790 -3.495 -4.574 -5.299 -5.469
0.0099013 -0.18000 8.17609 4.2406373024 2.6093215942    4.237  3.160  3.6349  1.397    4  0.000  0.377     0.00     0.00     0.00     0.00     0.00 -1    -1e-30      0.00 6.954e-01 2.946e-01 1.087e-03 1.698e-03 3.846e-03 -1.000 9.958e-03 -3.130 1.032 -0.404 -1.892 -2.712 -3.406 -4.469 -5.183 -5.350
0.0099013 -0.18000 8.17609 4.2433452606 2.6093418598    4.240  3.126  3.6381  1.443    4  0.000  0.377     0.00     0.00     0.00     0.00     0.00 -1    -1e-30      0.00 6.954e-01 2.946e-01 1.087e-03 1.698e-03 3.846e-03 -1.000 9.957e-03 -3.046 1.015 -0.368 -1.836 -2.644 -3.329 -4.378 -5.083 -5.246
0.0099013 -0.18000 8.17609 4.2460145950 2.6093621254    4.243  3.092  3.6414  1.491    4  0.000  0.377     0.00     0.00     0.00     0.00     0.00 -1    -1e-30      0.00 6.954e-01 2.946e-01 1.087e-03 1.698e-03 3.846e-03 -1.000 9.957e-03 -2.960 0.998 -0.330 -1.777 -2.573 -3.249 -4.283 -4.979 -5.138
0.0099013 -0.18000 8.17609 4.2491340637 2.6093854904    4.246  3.052  3.6453  1.547    4  0.000  0.377     0.00     0.00     0.00     0.00     0.00 -1    -1e-30      0.00 6.955e-01 2.946e-01 1.087e-03 1.698e-03 3.846e-03 -1.000 9.956e-03 -2.859 1.005 -0.282 -1.703 -2.489 -3.156 -4.173 -4.862 -5.014
0.0099013 -0.18000 8.17609 4.2522287369 2.6094086170    4.249  3.014  3.6490  1.601    4  0.000  0.377     0.00     0.00     0.00     0.00     0.00 -1    -1e-30      0.00 6.955e-01 2.946e-01 1.087e-03 1.698e-03 3.846e-03 -1.000 9.955e-03 -2.765 1.013 -0.238 -1.633 -2.410 -3.069 -4.070 -4.751 -4.898
0.0099013 -0.18000 8.17609 4.2559428215 2.6094365120    4.253  2.974  3.6532  1.657    4  0.000  0.377     0.00     0.00     0.00     0.00     0.00 -1    -1e-30      0.00 6.955e-01 2.946e-01 1.087e-03 1.698e-03 3.846e-03 -1.000 9.955e-03 -2.665 1.019 -0.193 -1.560 -2.326 -2.977 -3.960 -4.633 -4.774
0.0099013 -0.18000 8.17609 4.2602281570 2.6094686985    4.257  2.938  3.6575  1.711    4  0.000  0.377     0.00     0.00     0.00     0.00     0.00 -1    -1e-30      0.00 6.955e-01 2.945e-01 1.087e-03 1.698e-03 3.846e-03 -1.000 9.954e-03 -2.575 1.012 -0.158 -1.497 -2.251 -2.893 -3.859 -4.523 -4.659
0.0099013 -0.18000 8.17609 4.2661032677 2.6095123291    4.263  2.905  3.6625  1.765    4  0.000  0.377     0.00     0.00     0.00     0.00     0.00 -1    -1e-30      0.00 6.955e-01 2.945e-01 1.087e-03 1.698e-03 3.846e-03 -1.000 9.952e-03 -2.492 0.956 -0.138 -1.450 -2.187 -2.816 -3.762 -4.409 -4.542
0.0099013 -0.18000 8.17609 4.2765803337 2.6095900536    4.273  2.880  3.6704  1.823    4  0.000  0.377     0.00     0.00     0.00     0.00     0.00 -1    -1e-30      0.00 6.956e-01 2.945e-01 1.088e-03 1.697e-03 3.846e-03 -1.000 9.950e-03 -2.429 0.858 -0.168 -1.432 -2.147 -2.763 -3.677 -4.308 -4.432
0.0099013 -0.18000 8.17609 4.2773022652 2.6095955372    4.274  2.878  3.6709  1.826    4  0.000  0.377     0.00     0.00     0.00     0.00     0.00 -1    -1e-30      0.00 6.956e-01 2.945e-01 1.088e-03 1.697e-03 3.846e-03 -1.000 9.950e-03 -2.426 0.851 -0.171 -1.431 -2.145 -2.760 -3.672 -4.302 -4.425
0.0099013 -0.18000 8.17609 4.2834444046 2.6096408367    4.280  2.894  3.6767  1.834    5  0.000  0.377     0.00     0.00     0.00     0.00     0.00 -1    -1e-30      0.00 6.956e-01 2.945e-01 1.088e-03 1.697e-03 3.846e-03 -1.000 9.949e-03 -2.465 0.704 -0.271 -1.501 -2.200 -2.805 -3.695 -4.310 -4.429
0.0099013 -0.18000 8.17609 4.2880115509 2.6096744537    4.284  2.916  3.6825  1.835    5  0.000  0.377     0.00     0.00     0.00     0.00     0.00 -1    -1e-30      0.00 6.956e-01 2.944e-01 1.088e-03 1.697e-03 3.846e-03 -1.000 9.948e-03 -2.521 0.546 -0.387 -1.586 -2.270 -2.865 -3.734 -4.336 -4.449
0.0099013 -0.18000 8.17609 4.2909698486 2.6096961498    4.287  2.936  3.6873  1.835    5  0.000  0.377     0.00     0.00     0.00     0.00     0.00 -1    -1e-30      0.00 6.956e-01 2.944e-01 1.088e-03 1.697e-03 3.846e-03 -1.000 9.947e-03 -2.571 0.426 -0.484 -1.656 -2.328 -2.917 -3.770 -4.362 -4.471
0.0099013 -0.18000 8.17609 4.2929296494 2.6097106934    4.289  2.953  3.6916  1.835    5  0.000  0.377     0.00     0.00     0.00     0.00     0.00 -1    -1e-30      0.00 6.956e-01 2.944e-01 1.088e-03 1.697e-03 3.846e-03 -1.000 9.947e-03 -2.613 0.301 -0.567 -1.719 -2.380 -2.961 -3.798 -4.378 -4.484
0.0099013 -0.18000 8.17609 4.2947354317 2.6097238064    4.291  2.972  3.6969  1.839    5  0.000  0.377     0.00     0.00     0.00     0.00     0.00 -1    -1e-30      0.00 6.956e-01 2.944e-01 1.088e-03 1.697e-03 3.846e-03 -1.000 9.946e-03 -2.659 0.156 -0.663 -1.790 -2.437 -3.008 -3.826 -4.389 -4.494
0.0099013 -0.18000 8.17609 4.2959814072 2.6097331047    4.292  2.985  3.7012  1.843    5  0.000  0.377     0.00     0.00     0.00     0.00     0.00 -1    -1e-30      0.00 6.956e-01 2.944e-01 1.088e-03 1.697e-03 3.846e-03 -1.000 9.946e-03 -2.692 0.045 -0.736 -1.842 -2.478 -3.041 -3.844 -4.395 -4.498
0.0099013 -0.18000 8.17609 4.2971487045 2.6097414494    4.293  2.997  3.7062  1.851    5  0.000  0.377     0.00     0.00     0.00     0.00     0.00 -1    -1e-30      0.00 6.956e-01 2.944e-01 1.088e-03 1.697e-03 3.846e-03 -1.000 9.946e-03 -2.722 -0.071 -0.809 -1.892 -2.516 -3.070 -3.856 -4.392 -4.494
0.0099013 -0.18000 8.17609 4.2982606888 2.6097497940    4.295  3.008  3.7112  1.860    5  0.000  0.377     0.00     0.00     0.00     0.00     0.00 -1    -1e-30      0.00 6.956e-01 2.944e-01 1.088e-03 1.697e-03 3.846e-03 -1.000 9.946e-03 -2.749 -0.185 -0.882 -1.940 -2.551 -3.096 -3.865 -4.387 -4.487
0.0099013 -0.18000 8.17609 4.2993865013 2.6097579002    4.296  3.017  3.7175  1.876    5  0.000  0.377     0.00     0.00     0.00     0.00     0.00 -1    -1e-30      0.00 6.956e-01 2.944e-01 1.088e-03 1.697e-03 3.846e-03 -1.000 9.946e-03 -2.773 -0.313 -0.961 -1.988 -2.583 -3.116 -3.864 -4.368 -4.467
0.0099013 -0.18000 8.17609 4.3006172180 2.6097669601    4.297  3.026  3.7252  1.898    5  0.000  0.377     0.00     0.00     0.00     0.00     0.00 -1    -1e-30      0.00 6.957e-01 2.944e-01 1.088e-03 1.697e-03 3.846e-03 -1.000 9.945e-03 -2.796 -0.455 -1.050 -2.038 -2.614 -3.134 -3.857 -4.339 -4.437
0.0099013 -0.18000 8.17609 4.3027625084 2.6097826958    4.299  3.039  3.7380  1.937    5  0.000  0.377     0.00     0.00     0.00     0.00     0.00 -1    -1e-30      0.00 6.957e-01 2.944e-01 1.088e-03 1.697e-03 3.846e-03 -1.000 9.945e-03 -2.827 -0.670 -1.186 -2.109 -2.654 -3.151 -3.835 -4.282 -4.377
0.0099013 -0.18000 8.17609 4.3083324432 2.6098232269    4.305  3.055  3.7553  1.990    5  0.000  0.377     0.00     0.00     0.00     0.00     0.00 -1    -1e-30      0.00 6.957e-01 2.944e-01 1.088e-03 1.697e-03 3.846e-03 -1.000 9.944e-03 -2.868 -0.927 -1.358 -2.198 -2.701 -3.166 -3.800 -4.202 -4.292
0.0099013 -0.18000 8.17609 4.3109602928 2.6098423004    4.307  3.057  3.7537  1.982    6  0.000  0.377     0.00     0.00     0.00     0.00     0.00 -1    -1e-30      0.00 6.957e-01 2.944e-01 1.088e-03 1.697e-03 3.846e-03 -1.000 9.943e-03 -2.873 -0.913 -1.351 -2.199 -2.706 -3.174 -3.812 -4.218 -4.309
0.0099013 -0.18000 8.17609 4.3383049965 2.6100394726    4.335  3.089  3.7485  1.932    6  0.000  0.377     0.00     0.00     0.00     0.00     0.00 -1    -1e-30      0.00 6.958e-01 2.943e-01 1.089e-03 1.696e-03 3.846e-03 -1.000 9.937e-03 -2.953 -0.923 -1.392 -2.266 -2.787 -3.264 -3.917 -4.335 -4.428
0.0099013 -0.18000 8.17609 4.3569784164 2.6101725101    4.353  3.111  3.7462  1.903    6  0.000  0.377     0.00     0.00     0.00     0.00     0.00 -1    -1e-30      0.00 6.958e-01 2.942e-01 1.089e-03 1.696e-03 3.847e-03 -1.000 9.942e-03 -3.007 -0.944 -1.428 -2.315 -2.841 -3.322 -3.982 -4.405 -4.499
0.0099013 -0.18000 8.17609 4.3669242859 2.6102428436    4.363  3.119  3.7382  1.864    6  0.000  0.377     0.00     0.00     0.00     0.00     0.00 -1    -1e-30      0.00 6.959e-01 2.942e-01 1.089e-03 1.695e-03 3.847e-03 -1.000 9.944e-03 -3.027 -0.853 -1.384 -2.311 -2.857 -3.353 -4.036 -4.481 -4.577
0.0099013 -0.18000 8.17609 4.3735647202 2.6102898121    4.370  3.121  3.7295  1.827    6  0.000  0.377     0.00     0.00     0.00     0.00     0.00 -1    -1e-30      0.00 6.959e-01 2.942e-01 1.089e-03 1.695e-03 3.847e-03 -1.000 9.946e-03 -3.033 -0.735 -1.318 -2.291 -2.858 -3.370 -4.079 -4.547 -4.645
0.0099013 -0.18000 8.17609 4.3786196709 2.6103250980    4.375  3.122  3.7213  1.795    6  0.000  0.377     0.00     0.00     0.00     0.00     0.00 -1    -1e-30      0.00 6.959e-01 2.942e-01 1.089e-03 1.695e-03 3.847e-03 -1.000 9.947e-03 -3.034 -0.607 -1.248 -2.263 -2.851 -3.378 -4.113 -4.604 -4.703
0.0099013 -0.18000 8.17609 4.3827395439 2.6103539467    4.379  3.120  3.7138  1.767    6  0.000  0.377     0.00     0.00     0.00     0.00     0.00 -1    -1e-30      0.00 6.959e-01 2.941e-01 1.089e-03 1.695e-03 3.847e-03 -1.000 9.948e-03 -3.030 -0.479 -1.177 -2.232 -2.839 -3.379 -4.139 -4.651 -4.751
0.0099013 -0.18000 8.17609 4.3863735199 2.6103794575    4.383  3.118  3.7071  1.742    6  0.000  0.377     0.00     0.00     0.00     0.00     0.00 -1    -1e-30      0.00 6.959e-01 2.941e-01 1.089e-03 1.695e-03 3.847e-03 -1.000 9.948e-03 -3.024 -0.355 -1.110 -2.199 -2.823 -3.376 -4.158 -4.689 -4.791
0.0099013 -0.18000 8.17609 4.3896360397 2.6104021072    4.386  3.113  3.7013  1.724    6  0.000  0.377     0.00     0.00     0.00     0.00     0.00 -1    -1e-30      0.00 6.959e-01 2.941e-01 1.089e-03 1.695e-03 3.847e-03 -1.000 9.949e-03 -3.014 -0.240 -1.046 -2.164 -2.803 -3.366 -4.168 -4.716 -4.819
0.0099013 -0.18000 8.17609 4.3920979500 2.6104192734    4.388  3.110  3.6968  1.710    6  0.000  0.377     0.00     0.00     0.00     0.00     0.00 -1    -1e-30      0.00 6.959e-01 2.941e-01 1.089e-03 1.695e-03 3.847e-03 -1.000 9.950e-03 -3.004 -0.145 -0.993 -2.135 -2.785 -3.357 -4.174 -4.735 -4.840
0.0099013 -0.18000 8.17609 4.3947443962 2.6104376316    4.391  3.102  3.6912  1.696    6  0.000  0.377     0.00     0.00     0.00     0.00     0.00 -1    -1e-30      0.00 6.959e-01 2.941e-01 1.089e-03 1.694e-03 3.847e-03 -1.000 9.950e-03 -2.985 -0.017 -0.920 -2.090 -2.755 -3.337 -4.175 -4.752 -4.859
0.0099013 -0.18000 8.17609 4.3986473083 2.6104648113    4.395  3.088  3.6831  1.677    6  0.000  0.377     0.00     0.00     0.00     0.00     0.00 -1    -1e-30      0.00 6.959e-01 2.941e-01 1.089e-03 1.694e-03 3.847e-03 -1.000 9.951e-03 -2.950 0.153 -0.803 -2.019 -2.705 -3.298 -4.165 -4.759 -4.873
0.0099013 -0.18000 8.17609 4.4024462700 2.6104912758    4.399  3.072  3.6754  1.663    6  0.000  0.377     0.00     0.00     0.00     0.00     0.00 -1    -1e-30      0.00 6.960e-01 2.941e-01 1.089e-03 1.694e-03 3.847e-03 -1.000 9.952e-03 -2.910 0.318 -0.684 -1.943 -2.647 -3.252 -4.147 -4.757 -4.879
0.0099013 -0.18000 8.17609 4.4048285484 2.6105077267    4.401  3.061  3.6701  1.653    6  0.000  0.377     0.00     0.00     0.00     0.00     0.00 -1    -1e-30      0.00 6.960e-01 2.941e-01 1.089e-03 1.694e-03 3.848e-03 -1.000 9.953e-03 -2.883 0.438 -0.601 -1.890 -2.606 -3.220 -4.135 -4.757 -4.884
0.0099013 -0.18000 8.17609 4.4082899094 2.6105315685    4.405  3.059  3.6614  1.621    6  0.000  0.377     0.00     0.00     0.00     0.00     0.00 -1    -1e-30      0.00 6.960e-01 2.941e-01 1.089e-03 1.694e-03 3.848e-03 -1.000 9.953e-03 -2.878 0.612 -0.497 -1.834 -2.573 -3.202 -4.152 -4.793 -4.930
0.0099013 -0.18000 8.17609 4.4110550880 2.6105506420    4.407  3.085  3.6518  1.557    6  0.000  0.377     0.00     0.00     0.00     0.00     0.00 -1    -1e-30      0.00 6.960e-01 2.941e-01 1.089e-03 1.694e-03 3.848e-03 -1.000 9.954e-03 -2.942 0.770 -0.445 -1.835 -2.601 -3.251 -4.241 -4.908 -5.055
0.0099013 -0.18000 8.17609 4.4116749763 2.6105549335    4.408  3.115  3.6467  1.506    6  0.000  0.377     0.00     0.00     0.00     0.00     0.00 -1    -1e-30      0.00 6.960e-01 2.941e-01 1.089e-03 1.694e-03 3.848e-03 -1.000 9.954e-03 -3.017 0.812 -0.455 -1.875 -2.655 -3.316 -4.328 -5.007 -5.161
0.0099013 -0.18000 8.17609 4.4117088318 2.6105551720    4.408  3.119  3.6461  1.500    6  0.000  0.377     0.00     0.00     0.00     0.00     0.00 -1    -1e-30      0.00 6.960e-01 2.941e-01 1.089e-03 1.694e-03 3.848e-03 -1.000 9.954e-03 -3.027 0.815 -0.458 -1.881 -2.663 -3.326 -4.340 -5.020 -5.175
0.0099013 -0.18000 8.17609 4.4117765427 2.6105556488    4.408  3.136  3.6442  1.475    7  0.000  0.377     0.00     0.00     0.00     0.00     0.00 -1    -1e-30      0.00 6.960e-01 2.941e-01 1.089e-03 1.694e-03 3.848e-03 -1.000 9.954e-03 -3.069 0.832 -0.471 -1.907 -2.696 -3.364 -4.387 -5.073 -5.229
0.0099013 -0.18000 8.17609 4.4119024277 2.6105566025    4.408  3.173  3.6401  1.422    7  0.000  0.377     0.00     0.00     0.00     0.00     0.00 -1    -1e-30      0.00 6.960e-01 2.941e-01 1.089e-03 1.694e-03 3.848e-03 -1.000 9.954e-03 -3.162 0.863 -0.506 -1.968 -2.770 -3.449 -4.490 -5.188 -5.349
0.0099013 -0.18000 8.17609 4.4121599197 2.6105582714    4.408  3.180  3.6397  1.413    7  0.000  0.377     0.00     0.00     0.00     0.00     0.00 -1    -1e-30      0.00 6.960e-01 2.941e-01 1.089e-03 1.694e-03 3.848e-03 -1.000 9.954e-03 -3.179 0.860 -0.516 -1.982 -2.785 -3.466 -4.508 -5.207 -5.369
0.0099013 -0.18000 8.17609 4.4127364159 2.6105623245    4.409  3.177  3.6395  1.415    7  0.000  0.377     0.00     0.00     0.00     0.00     0.00 -1    -1e-30      0.00 6.960e-01 2.941e-01 1.089e-03 1.694e-03 3.848e-03 -1.000 9.954e-03 -3.173 0.868 -0.509 -1.975 -2.779 -3.460 -4.503 -5.202 -5.364
0.0099013 -0.18000 8.17609 4.4131212234 2.6105649471    4.409  3.206  3.6363  1.374    7  0.000  0.377     0.00     0.00     0.00     0.00     0.00 -1    -1e-30      0.00 6.960e-01 2.941e-01 1.089e-03 1.694e-03 3.848e-03 -1.000 9.955e-03 -3.245 0.895 -0.534 -2.019 -2.835 -3.525 -4.582 -5.291 -5.457
0.0099013 -0.18000 8.17609 4.4134178162 2.6105668545    4.410  3.243  3.6326  1.322    7  0.000  0.377     0.00     0.00     0.00     0.00     0.00 -1    -1e-30      0.00 6.960e-01 2.941e-01 1.089e-03 1.694e-03 3.848e-03 -1.000 9.955e-03 -3.337 0.920 -0.570 -2.079 -2.909 -3.610 -4.683 -5.403 -5.573
0.0099013 -0.18000 8.17609 4.4137821198 2.6105694771    4.410  3.280  3.6291  1.271    7  0.000  0.377     0.00     0.00     0.00     0.00     0.00 -1    -1e-30      0.00 6.960e-01 2.941e-01 1.089e-03 1.694e-03 3.848e-03 -1.000 9.955e-03 -3.430 0.941 -0.609 -2.141 -2.984 -3.695 -4.785 -5.515 -5.689
0.0099013 -0.18000 8.17609 4.4142456055 2.6105725765    4.411  3.317  3.6255  1.219    7  0.000  0.377     0.00     0.00     0.00     0.00     0.00 -1    -1e-30      0.00 6.960e-01 2.941e-01 1.089e-03 1.694e-03 3.848e-03 -1.000 9.955e-03 -3.524 0.961 -0.646 -2.201 -3.058 -3.781 -4.887 -5.627 -5.805
0.0099013 -0.18000 8.17609 4.4148221016 2.6105766296    4.411  3.355  3.6220  1.167    7  0.000  0.377     0.00     0.00     0.00     0.00     0.00 -1    -1e-30      0.00 6.960e-01 2.941e-01 1.089e-03 1.694e-03 3.848e-03 -1.000 9.955e-03 -3.618 0.983 -0.683 -2.260 -3.132 -3.867 -4.989 -5.740 -5.923
0.0099013 -0.18000 8.17609 4.4154982567 2.6105811596    4.412  3.393  3.6185  1.115    7  0.000  0.377     0.00     0.00     0.00     0.00     0.00 -1    -1e-30      0.00 6.960e-01 2.941e-01 1.089e-03 1.694e-03 3.848e-03 -1.000 9.955e-03 -3.714 1.003 -0.722 -2.322 -3.208 -3.954 -5.092 -5.854 -6.041
0.0099013 -0.18000 8.17609 4.4162154198 2.6105861664    4.412  3.433  3.6148  1.061    7  0.000  0.377     0.00     0.00     0.00     0.00     0.00 -1    -1e-30      0.00 6.960e-01 2.941e-01 1.088e-03 1.694e-03 3.848e-03 -1.000 9.955e-03 -3.813 1.026 -0.760 -2.383 -3.284 -4.045 -5.200 -5.973 -6.165
0.0099013 -0.18000 8.17609 4.4169096947 2.6105909348    4.413  3.474  3.6110  1.005    7  0.000  0.376     0.00     0.00     0.00     0.00     0.00 -1    -1e-30      0.00 6.960e-01 2.941e-01 1.085e-03 1.697e-03 3.848e-03 -1.000 9.955e-03 -3.916 1.052 -0.797 -2.446 -3.363 -4.137 -5.310 -6.094 -6.292
0.0099013 -0.18000 8.17609 4.4175467491 2.6105952263    4.414  3.515  3.6073  0.949    7  0.000  0.374     0.00     0.00     0.00     0.00     0.00 -1 -1.34e-30      0.00 6.960e-01 2.941e-01 1.080e-03 1.703e-03 3.848e-03 -1.000 9.956e-03 -4.018 1.084 -0.830 -2.503 -3.438 -4.229 -5.420 -6.215 -6.418
0.0099013 -0.18000 8.17609 4.4181213379 2.6105992794    4.414  3.555  3.6037  0.894    7  0.000  0.372     0.00     0.00     0.00     0.00     0.00 -1    -3e-27      0.00 6.960e-01 2.940e-01 1.075e-03 1.710e-03 3.848e-03 -1.000 9.973e-03 -4.118 1.112 -0.862 -2.560 -3.512 -4.320 -5.529 -6.334 -6.542
0.0099013 -0.18000 8.17609 4.4186372757 2.6106028557    4.415  3.595  3.6001  0.840    7  0.000  0.371     0.00     0.00     0.00     0.00     0.00 -1 -1.08e-18      0.00 6.960e-01 2.940e-01 1.071e-03 1.714e-03 3.848e-03 -1.000 1.001e-02 -4.217 1.141 -0.893 -2.615 -3.584 -4.409 -5.635 -6.451 -6.664
0.0099013 -0.18000 8.17609 4.4191036224 2.6106059551    4.415  3.634  3.5965  0.787    7  0.000  0.370     0.00     0.00     0.00     0.00     0.00 -1 -1.66e-12      0.00 6.960e-01 2.940e-01 1.067e-03 1.719e-03 3.848e-03 -1.000 1.004e-02 -4.314 1.168 -0.918 -2.663 -3.650 -4.495 -5.740 -6.566 -6.785
0.0099013 -0.18000 8.17609 4.4195337296 2.6106090546    4.415  3.673  3.5928  0.733    7  0.000  0.369     0.00     0.00     0.00     0.00     0.00 -1 -9.29e-09      0.00 6.960e-01 2.940e-01 1.065e-03 1.722e-03 3.847e-03 -1.000 1.005e-02 -4.412 1.197 -0.942 -2.710 -3.715 -4.582 -5.846 -6.682 -6.907
0.0099013 -0.18000 8.17609 4.4199337959 2.6106116772    4.415  3.712  3.5892  0.680    7  0.000  0.368     0.00     0.00     0.00     0.00     0.00 -1 -1.11e-08      0.00 6.959e-01 2.940e-01 1.062e-03 1.726e-03 3.846e-03 -1.000 1.006e-02 -4.509 1.224 -0.965 -2.755 -3.779 -4.668 -5.950 -6.797 -7.028
0.0099013 -0.18000 8.17609 4.4203062057 2.6106142998    4.415  3.750  3.5855  0.627    7  0.000  0.367     0.00     0.00     0.00     0.00     0.00 -1 -1.35e-08      0.00 6.959e-01 2.940e-01 1.060e-03 1.730e-03 3.845e-03 -1.000 1.005e-02 -4.606 1.246 -0.984 -2.793 -3.836 -4.752 -6.055 -6.912 -7.148
0.0099013 -0.18000 8.17609 4.4206519127 2.6106166840    4.415  3.788  3.5818  0.574    7  0.000  0.367     0.00     0.00     0.00     0.00     0.00 -1 -1.78e-08      0.00 6.959e-01 2.941e-01 1.058e-03 1.735e-03 3.842e-03 -1.000 1.003e-02 -4.701 1.269 -1.001 -2.829 -3.893 -4.835 -6.157 -7.025 -7.267
0.0099013 -0.18000 8.17609 4.4209756851 2.6106188297    4.415  3.826  3.5781  0.521    7  0.000  0.367     0.00     0.00     0.00     0.00     0.00 -1 -2.54e-08      0.00 6.958e-01 2.941e-01 1.056e-03 1.741e-03 3.838e-03 -1.000 1.005e-02 -4.796 1.289 -1.013 -2.858 -3.943 -4.916 -6.261 -7.138 -7.387
0.0099013 -0.18000 8.17609 4.4212779999 2.6106209755    4.415  3.864  3.5744  0.468    7  0.000  0.367     0.00     0.00     0.00     0.00     0.00 -1 -3.73e-08      0.00 6.957e-01 2.943e-01 1.054e-03 1.747e-03 3.832e-03 -1.000 1.002e-02 -4.890 1.308 -1.017 -2.876 -3.985 -4.996 -6.364 -7.250 -7.505
0.0099013 -0.18000 8.17609 4.4215612411 2.6106228828    4.414  3.901  3.5706  0.416    7  0.000  0.367     0.00     0.00     0.00     0.00     0.00 -1 -5.45e-08      0.00 6.953e-01 2.947e-01 1.052e-03 1.756e-03 3.825e-03 -1.000 1.006e-02 -4.983 1.330 -1.017 -2.892 -4.025 -5.075 -6.466 -7.362 -7.623
0.0099013 -0.18000 8.17609 4.4218320847 2.6106247902    4.413  3.937  3.5669  0.365    7  0.000  0.367     0.00     0.00     0.00     0.00     0.00 -1 -7.92e-08      0.00 6.942e-01 2.958e-01 1.050e-03 1.768e-03 3.816e-03 -1.000 1.002e-02 -5.073 1.344 -1.006 -2.890 -4.052 -5.149 -6.567 -7.471 -7.738
0.0099013 -0.18000 8.17609 4.4220962524 2.6106264591    4.411  3.973  3.5631  0.314    7  0.000  0.367     0.00     0.00     0.00     0.00     0.00 -1 -1.15e-07      0.00 6.910e-01 2.990e-01 1.045e-03 1.790e-03 3.798e-03 -1.000 1.001e-02 -5.163 1.357 -0.992 -2.884 -4.076 -5.222 -6.667 -7.580 -7.853
0.0099013 -0.18000 8.17609 4.4223518372 2.6106283665    4.408  4.012  3.5586  0.257    7  0.000  0.367     0.00     0.00     0.00     0.00     0.00 -1 -1.71e-07      0.00 6.785e-01 3.115e-01 1.027e-03 1.871e-03 3.732e-03 -1.000 1.001e-02 -5.259 1.377 -0.962 -2.859 -4.088 -5.295 -6.775 -7.698 -7.979
0.0099013 -0.18000 8.17609 4.4225831032 2.6106297970    4.405  4.053  3.5534  0.194    7  0.000  0.367     0.00     0.00     0.00     0.00     0.00 -1 -2.63e-07      0.00 6.622e-01 3.278e-01 1.004e-03 1.977e-03 3.645e-03 -1.000 1.001e-02 -5.363 1.404 -0.904 -2.797 -4.076 -5.367 -6.893 -7.827 -8.117
0.0099013 -0.18000 8.17609 4.4227809906 2.6106312275    4.400  4.094  3.5482  0.132    7  0.000  0.367     0.00     0.00     0.00     0.00     0.00 -1 -4.03e-07      0.00 6.524e-01 3.376e-01 9.895e-04 2.039e-03 3.592e-03 -1.000 1.001e-02 -5.466 1.430 -0.835 -2.721 -4.057 -5.433 -7.011 -7.956 -8.255
0.0099013 -0.18000 8.17609 4.4229474068 2.6106324196    4.393  4.131  3.5436  0.076    7  0.000  0.367     0.00     0.00     0.00     0.00     0.00 -1 -5.95e-07      0.00 6.477e-01 3.422e-01 9.828e-04 2.069e-03 3.568e-03 -1.000 1.001e-02 -5.558 1.455 -0.756 -2.629 -4.025 -5.485 -7.115 -8.070 -8.378
0.0099013 -0.18000 8.17609 4.4231119156 2.6106336117    4.383  4.169  3.5388  0.018    7  0.000  0.367     0.00     0.00     0.00     0.00     0.00 -1 -8.83e-07      0.01 6.449e-01 3.451e-01 9.787e-04 2.088e-03 3.553e-03 -1.000 1.001e-02 -5.652 1.490 -0.658 -2.516 -3.980 -5.529 -7.222 -8.187 -8.505
0.0099013 -0.18000 8.17609 4.4232687950 2.6106345654    4.370  4.205  3.5340 -0.038    7  0.000  0.367     0.00     0.00     0.00     0.00     0.00 -1  -1.3e-06      0.01 6.434e-01 3.466e-01 9.765e-04 2.098e-03 3.544e-03 -1.000 1.001e-02 -5.742 1.542 -0.524 -2.363 -3.911 -5.552 -7.323 -8.297 -8.627
0.0099013 -0.18000 8.17609 4.4234347343 2.6106357574    4.348  4.241  3.5290 -0.097    7  0.000  0.367     0.00     0.00     0.00     0.00     0.00 -1 -1.92e-06      0.03 6.426e-01 3.474e-01 9.754e-04 2.103e-03 3.540e-03 -1.000 9.999e-03 -5.833 1.633 -0.348 -2.173 -3.818 -5.560 -7.422 -8.407 -8.754
0.0099013 -0.18000 8.17609 4.4236259460 2.6106369495    4.309  4.262  3.5256 -0.135    7  0.000  0.367     0.00     0.00     0.00     0.00     0.00 -1 -2.46e-06      0.04 6.422e-01 3.479e-01 9.748e-04 2.106e-03 3.538e-03 -1.000 9.986e-03 -5.885 1.720 -0.187 -2.001 -3.727 -5.533 -7.477 -8.471 -8.830
0.0099013 -0.18000 8.17609 4.4238104820 2.6106383801    4.268  4.237  3.5280 -0.105    7  0.000  0.367     0.00     0.00     0.00     0.00     0.00 -1 -1.97e-06      0.03 6.419e-01 3.481e-01 9.745e-04 2.107e-03 3.536e-03 -1.000 9.995e-03 -5.824 1.670 -0.282 -2.101 -3.769 -5.529 -7.415 -8.403 -8.752
0.0099013 -0.18000 8.17609 4.4238390923 2.6106383801    4.263  4.202  3.5323 -0.053    7  0.000  0.367     0.00     0.00     0.00     0.00     0.00 -1 -1.38e-06      0.01 6.419e-01 3.481e-01 9.744e-04 2.107e-03 3.536e-03 -1.000 1.001e-02 -5.735 1.590 -0.443 -2.274 -3.850 -5.524 -7.320 -8.298 -8.632
0.0099013 -0.18000 8.17609 4.4238514900 2.6106386185    4.262  4.167  3.5367 -0.001    7  0.000  0.367     0.00     0.00     0.00     0.00     0.00 -1 -9.63e-07      0.01 6.419e-01 3.481e-01 9.744e-04 2.107e-03 3.536e-03 -1.000 1.001e-02 -5.648 1.542 -0.566 -2.412 -3.910 -5.498 -7.224 -8.193 -8.515
0.0099013 -0.18000 8.17609 4.4238619804 2.6106386185    4.261  4.127  3.5415  0.058    7  0.000  0.367     0.00     0.00     0.00     0.00     0.00 -1 -6.37e-07      0.00 6.419e-01 3.481e-01 9.744e-04 2.107e-03 3.536e-03 -1.000 1.001e-02 -5.549 1.509 -0.671 -2.536 -3.958 -5.457 -7.112 -8.071 -8.383
0.0099013 -0.18000 8.17609 4.4238729477 2.6106386185    4.260  4.114  3.5431  0.078    7  0.000  0.367     0.00     0.00     0.00     0.00     0.00 -1 -5.58e-07      0.00 6.419e-01 3.481e-01 9.744e-04 2.107e-03 3.536e-03 -1.000 1.001e-02 -5.516 1.501 -0.698 -2.566 -3.969 -5.438 -7.074 -8.031 -8.339
0.0099013 -0.18000 8.17609 4.4238858223 2.6106388569    4.260  4.131  3.5410  0.052    7  0.000  0.367     0.00     0.00     0.00     0.00     0.00 -1 -6.65e-07      0.00 6.419e-01 3.481e-01 9.744e-04 2.107e-03 3.536e-03 -1.000 1.001e-02 -5.559 1.512 -0.663 -2.527 -3.956 -5.462 -7.123 -8.083 -8.396
0.0099013 -0.18000 8.17609 4.4238982201 2.6106388569    4.259  4.160  3.5376  0.010    7  0.000  0.367     0.00     0.00     0.00     0.00     0.00 -1  -8.9e-07      0.01 6.419e-01 3.481e-01 9.744e-04 2.107e-03 3.536e-03 -1.000 1.001e-02 -5.629 1.536 -0.587 -2.437 -3.920 -5.491 -7.203 -8.170 -8.490
0.0099013 -0.18000 8.17609 4.4239158630 2.6106390953    4.257  4.185  3.5343 -0.028    7  0.000  0.367     0.00     0.00     0.00     0.00     0.00 -1 -1.16e-06      0.01 6.419e-01 3.481e-01 9.744e-04 2.107e-03 3.536e-03 -1.000 1.001e-02 -5.692 1.566 -0.501 -2.338 -3.876 -5.510 -7.274 -8.247 -8.575
0.0099013 -0.18000 8.17609 4.4239506721 2.6106393337    4.254  4.206  3.5316 -0.061    7  0.000  0.367     0.00     0.00     0.00     0.00     0.00 -1 -1.45e-06      0.02 6.419e-01 3.481e-01 9.744e-04 2.107e-03 3.536e-03 -1.000 1.001e-02 -5.746 1.601 -0.420 -2.248 -3.836 -5.525 -7.333 -8.312 -8.647
0.0099013 -0.18000 8.17609 4.4239754677 2.6106393337    4.250  4.212  3.5309 -0.070    7  0.000  0.367     0.00     0.00     0.00     0.00     0.00 -1 -1.53e-06      0.02 6.419e-01 3.481e-01 9.744e-04 2.107e-03 3.536e-03 -1.000 1.001e-02 -5.761 1.610 -0.397 -2.223 -3.825 -5.529 -7.349 -8.330 -8.668
0.0099013 -0.18000 8.17609 4.4239773750 2.6106393337    4.250  4.188  3.5339 -0.034    7  0.000  0.367     0.00     0.00     0.00     0.00     0.00 -1  -1.2e-06      0.01 6.419e-01 3.481e-01 9.744e-04 2.107e-03 3.536e-03 -1.000 1.001e-02 -5.699 1.573 -0.487 -2.322 -3.869 -5.511 -7.281 -8.256 -8.584
0.0099013 -0.18000 8.17609 4.4239778519 2.6106393337    4.250  4.181  3.5348 -0.023    7  0.000  0.367     0.00     0.00     0.00     0.00     0.00 -1 -1.12e-06      0.01 6.419e-01 3.481e-01 9.744e-04 2.107e-03 3.536e-03 -1.000 1.001e-02 -5.682 1.562 -0.511 -2.350 -3.881 -5.507 -7.263 -8.235 -8.562
0.0099013 -0.18000 8.17609 4.4239840508 2.6106395721    4.249  4.188  3.5339 -0.034    7  0.000  0.367     0.00     0.00     0.00     0.00     0.00 -1 -1.19e-06      0.01 6.419e-01 3.481e-01 9.744e-04 2.107e-03 3.536e-03 -1.000 1.001e-02 -5.699 1.573 -0.487 -2.322 -3.869 -5.511 -7.282 -8.256 -8.585
0.0099013 -0.18000 8.17609 4.4239907265 2.6106395721    4.249  4.211  3.5309 -0.070    7  0.846  0.367     0.00     0.00     0.00     0.00     0.00 -1 -1.53e-06      0.02 6.419e-01 3.481e-01 9.744e-04 2.107e-03 3.536e-03 -1.000 1.001e-02 -5.759 1.611 -0.398 -2.224 -3.825 -5.527 -7.347 -8.328 -8.665
0.0099013 -0.18000 8.17609 4.4240050316 2.6106395721    4.246  4.240  3.5273 -0.113    7  0.836  0.367     0.00     0.00     0.00     0.00     0.00 -1 -2.07e-06      0.03 6.419e-01 3.481e-01 9.744e-04 2.107e-03 3.536e-03 -1.000 1.001e-02 -5.830 1.692 -0.246 -2.061 -3.746 -5.520 -7.422 -8.411 -8.763
0.0099013 -0.18000 8.17609 4.4240212440 2.6106398106    4.243  4.254  3.5254 -0.135    7  0.836  0.367     0.00     0.00     0.00     0.00     0.00 -1  -2.4e-06      0.04 6.419e-01 3.481e-01 9.744e-04 2.107e-03 3.536e-03 -1.000 1.001e-02 -5.866 1.737 -0.160 -1.970 -3.700 -5.511 -7.459 -8.453 -8.813
0.0099013 -0.18000 8.17609 4.4240331650 2.6106398106    4.242  4.254  3.5254 -0.135    8  0.836  0.389   354.79   157.47    99.83    76.24    62.97  2 -2.41e-06      0.04 6.419e-01 3.482e-01 1.034e-03 2.108e-03 3.546e-03 -1.000 9.947e-03 -5.866 1.736 -0.161 -1.970 -3.701 -5.511 -7.460 -8.453 -8.813
0.0099013 -0.18000 8.17609 4.4240341187 2.6106398106    4.241  4.376  3.5100 -0.319    8  0.836  0.389   558.31   219.46   137.06   105.19    86.95  2 -8.54e-06      0.22 6.419e-01 3.482e-01 1.034e-03 2.108e-03 3.546e-03 -1.000 9.947e-03 -6.171 2.744 1.054 -0.779 -3.057 -5.192 -7.691 -8.759 -9.231
#isochrone terminated
