# File generated by CMD 3.3 (http://stev.oapd.inaf.it/cmd) on Mon Oct 21 22:45:58 CEST 2019
# isochrones based on PARSEC release v1.2S
# Basic references: Bressan et al. (2012), MNRAS, 427, 127 + Chen et al. (2014, 2015), MNRAS, 444, 2525 + MNRAS, 452, 1068 + Tang et al. (2014), MNRAS, 445, 4287
# On RGB, assumed Reimers mass loss with efficiency eta=0.2
# Photometric system: SDSS <i>ugriz</i>
# Attention: photometry includes extinction of Av=0.2, with coefficients derived star-by-star, for Cardelli et al 89 + O'Donnell 94 Rv=3.1 extinction curve.
# Using YBC version of bolometric corrections as in Chen et al. (2019)
# O-rich circumstellar dpmod60alox40 dust from Groenewegen (2006)
# C-rich circumstellar AMCSIC15 dust from Groenewegen (2006)
# IMF: Kroupa (2001, 2002) + Kroupa et al. (2013) canonical two-part-power law IMF corrected for unresolved binaries 
# Kind of output: isochrone tables
# Zini     MH   logAge Mini        int_IMF         Mass   logL    logTe  logg  label 	 mbolmag  umag    gmag    rmag    imag    zmag
0.01471 0.00000 9.87506 0.0900000036 1.0816895962    0.090 -3.422  3.3633  5.219    1 13.324 23.963 19.311 17.530 14.981 13.441
0.01471 0.00000 9.87506 0.1000000015 1.1711064577    0.100 -3.238  3.3895  5.186    1 12.865 23.439 18.830 17.061 14.519 12.983
0.01471 0.00000 9.87506 0.1200000048 1.3193155527    0.120 -2.971  3.4248  5.140    1 12.199 22.247 17.867 16.140 13.710 12.266
0.01471 0.00000 9.87506 0.1400000006 1.4384527206    0.140 -2.789  3.4447  5.103    1 11.742 20.704 16.738 15.095 12.920 11.686
0.01471 0.00000 9.87506 0.1599999964 1.5372931957    0.160 -2.647  3.4582  5.074    1 11.389 19.676 15.958 14.349 12.366 11.261
0.01471 0.00000 9.87506 0.2000000030 1.6938791275    0.200 -2.429  3.4770  5.028    1 10.843 18.318 14.886 13.321 11.593 10.635
0.01471 0.00000 9.87506 0.2500000000 1.8403258324    0.250 -2.219  3.4933  4.980    1 10.318 17.191 13.955 12.408 10.900 10.058
0.01471 0.00000 9.87506 0.3000000119 1.9529139996    0.300 -2.056  3.5038  4.938    1 9.909 16.452 13.323 11.804 10.408 9.624
0.01471 0.00000 9.87506 0.3500000238 2.0434176922    0.350 -1.905  3.5124  4.889    1 9.533 15.829 12.778 11.284 9.970 9.231
0.01471 0.00000 9.87506 0.4000000358 2.1185026169    0.400 -1.761  3.5235  4.847    1 9.172 15.206 12.224 10.754 9.539 8.853
0.01471 0.00000 9.87506 0.4500000179 2.1822810173    0.450 -1.611  3.5358  4.797    1 8.797 14.590 11.658 10.215 9.098 8.465
0.01471 0.00000 9.87506 0.5000000000 2.2374541759    0.500 -1.453  3.5511  4.746    1 8.402 13.953 11.051 9.632 8.629 8.060
0.01471 0.00000 9.87506 0.5250934958 2.2619073391    0.525 -1.364  3.5613  4.719    1 8.179 13.597 10.698 9.287 8.362 7.835
0.01471 0.00000 9.87506 0.5500000119 2.2836582661    0.550 -1.279  3.5710  4.693    1 7.968 13.269 10.365 8.960 8.109 7.624
0.01471 0.00000 9.87506 0.5713286996 2.3005619049    0.571 -1.204  3.5818  4.678    1 7.780 12.961 10.051 8.654 7.880 7.439
0.01471 0.00000 9.87506 0.6000000238 2.3211214542    0.600 -1.108  3.5956  4.658    1 7.539 12.579 9.658 8.281 7.595 7.204
0.01471 0.00000 9.87506 0.6435074210 2.3483324051    0.643 -0.955  3.6217  4.641    1 7.159 11.929 8.995 7.687 7.144 6.837
0.01471 0.00000 9.87506 0.6499999762 2.3520355225    0.650 -0.934  3.6255  4.638    1 7.104 11.828 8.896 7.603 7.080 6.785
0.01471 0.00000 9.87506 0.7000000477 2.3779268265    0.700 -0.765  3.6558  4.623    1 6.682 10.850 8.108 6.967 6.594 6.382
0.01471 0.00000 9.87506 0.7089517117 2.3821210861    0.709 -0.735  3.6611  4.620    1 6.608 10.647 7.970 6.862 6.509 6.310
0.01471 0.00000 9.87506 0.7390447855 2.3953688145    0.739 -0.637  3.6786  4.610    1 6.361 9.982 7.531 6.539 6.238 6.070
0.01471 0.00000 9.87506 0.7500000000 2.3998889923    0.750 -0.601  3.6848  4.605    1 6.273 9.760 7.383 6.429 6.143 5.985
0.01471 0.00000 9.87506 0.7698094845 2.4076881409    0.770 -0.540  3.6939  4.592    1 6.119 9.411 7.146 6.248 5.983 5.839
0.01471 0.00000 9.87506 0.7954584360 2.4171259403    0.795 -0.461  3.7055  4.573    1 5.922 8.971 6.853 6.022 5.780 5.653
0.01471 0.00000 9.87506 0.8000000119 2.4187245369    0.800 -0.447  3.7075  4.570    1 5.887 8.896 6.803 5.983 5.744 5.621
0.01471 0.00000 9.87506 0.8103638291 2.4222958088    0.810 -0.415  3.7119  4.562    1 5.808 8.729 6.690 5.894 5.664 5.547
0.01471 0.00000 9.87506 0.8336469531 2.4299476147    0.833 -0.344  3.7216  4.541    1 5.630 8.364 6.445 5.698 5.486 5.381
0.01471 0.00000 9.87506 0.8500000238 2.4350347519    0.850 -0.294  3.7282  4.526    1 5.505 8.121 6.280 5.564 5.362 5.266
0.01471 0.00000 9.87506 0.8532322049 2.4360136986    0.853 -0.284  3.7295  4.523    1 5.481 8.075 6.248 5.538 5.337 5.243
0.01471 0.00000 9.87506 0.8748574853 2.4423501492    0.874 -0.218  3.7375  4.499    1 5.314 7.769 6.034 5.362 5.175 5.091
0.01471 0.00000 9.87506 0.8951841593 2.4479863644    0.895 -0.155  3.7447  4.475    1 5.158 7.481 5.836 5.200 5.025 4.950
0.01471 0.00000 9.87506 0.8999999762 2.4492788315    0.899 -0.140  3.7463  4.469    1 5.121 7.413 5.790 5.162 4.989 4.917
0.01471 0.00000 9.87506 0.9020283818 2.4498183727    0.901 -0.134  3.7470  4.467    1 5.105 7.385 5.771 5.146 4.974 4.903
0.01471 0.00000 9.87506 0.9142984748 2.4530241489    0.914 -0.095  3.7509  4.450    1 5.009 7.219 5.654 5.048 4.883 4.816
0.01471 0.00000 9.87506 0.9261655211 2.4560317993    0.926 -0.058  3.7545  4.432    1 4.915 7.067 5.544 4.954 4.794 4.731
0.01471 0.00000 9.87506 0.9479784369 2.4613349438    0.947  0.011  3.7606  4.398    1 4.742 6.796 5.340 4.780 4.629 4.574
0.01471 0.00000 9.87506 0.9499999881 2.4618122578    0.950  0.018  3.7612  4.394    1 4.725 6.771 5.322 4.763 4.614 4.559
0.01471 0.00000 9.87506 0.9584422112 2.4637806416    0.958  0.045  3.7633  4.379    1 4.656 6.672 5.243 4.695 4.549 4.496
0.01471 0.00000 9.87506 0.9771324992 2.4679996967    0.977  0.107  3.7675  4.343    1 4.503 6.458 5.070 4.542 4.402 4.355
0.01471 0.00000 9.87506 0.9948655367 2.4718344212    0.995  0.164  3.7707  4.307    1 4.360 6.272 4.913 4.400 4.265 4.222
0.01471 0.00000 9.87506 1.0000000000 2.4729156494    1.000  0.181  3.7714  4.295    1 4.319 6.221 4.868 4.358 4.225 4.182
0.01471 0.00000 9.87506 1.0121659040 2.4754271507    1.012  0.221  3.7729  4.266    1 4.217 6.100 4.760 4.257 4.127 4.086
0.01471 0.00000 9.87506 1.0245145559 2.4779062271    1.024  0.265  3.7744  4.233    1 4.106 5.971 4.642 4.147 4.019 3.980
0.01471 0.00000 9.87506 1.0339014530 2.4797453880    1.034  0.301  3.7750  4.204    1 4.019 5.875 4.551 4.059 3.933 3.894
0.01471 0.00000 9.87506 1.0430157185 2.4814946651    1.043  0.336  3.7751  4.173    1 3.931 5.786 4.462 3.972 3.845 3.807
0.01471 0.00000 9.87506 1.0499999523 2.4828116894    1.050  0.364  3.7748  4.146    1 3.861 5.721 4.394 3.902 3.775 3.737
0.01471 0.00000 9.87506 1.0517861843 2.4831452370    1.051  0.371  3.7746  4.140    1 3.843 5.704 4.376 3.884 3.757 3.718
0.01471 0.00000 9.87506 1.0615960360 2.4849541187    1.061  0.411  3.7734  4.098    1 3.742 5.618 4.279 3.783 3.654 3.614
0.01471 0.00000 9.87506 1.0700304508 2.4864790440    1.069  0.447  3.7704  4.054    2 3.652 5.562 4.201 3.693 3.560 3.516
0.01471 0.00000 9.87506 1.0776551962 2.4878337383    1.077  0.478  3.7654  4.006    2 3.575 5.547 4.145 3.616 3.475 3.425
0.01471 0.00000 9.87506 1.0845797062 2.4890453815    1.084  0.499  3.7567  3.952    2 3.522 5.610 4.132 3.565 3.410 3.349
0.01471 0.00000 9.87506 1.0888934135 2.4897911549    1.088  0.503  3.7470  3.912    2 3.513 5.743 4.170 3.561 3.391 3.318
0.01471 0.00000 9.87506 1.0915292501 2.4902434349    1.091  0.497  3.7377  3.881    2 3.527 5.898 4.230 3.583 3.400 3.315
0.01471 0.00000 9.87506 1.0933815241 2.4905598164    1.093  0.489  3.7290  3.855    2 3.547 6.049 4.298 3.614 3.417 3.321
0.01471 0.00000 9.87506 1.0951405764 2.4908590317    1.094  0.486  3.7199  3.823    2 3.554 6.204 4.360 3.636 3.424 3.315
0.01471 0.00000 9.87506 1.0972537994 2.4912171364    1.096  0.499  3.7101  3.771    2 3.522 6.341 4.390 3.623 3.394 3.272
0.01471 0.00000 9.87506 1.0991312265 2.4915339947    1.098  0.528  3.7031  3.715    2 3.449 6.392 4.366 3.566 3.325 3.192
0.01471 0.00000 9.87506 1.0996586084 2.4916229248    1.099  0.539  3.7015  3.697    2 3.421 6.392 4.350 3.543 3.298 3.163
0.01471 0.00000 9.87506 1.1000000238 2.4916803837    1.099  0.549  3.7007  3.685    2 3.398 6.381 4.332 3.521 3.275 3.139
0.01471 0.00000 9.87506 1.1001741886 2.4917094707    1.100  0.553  3.7003  3.679    2 3.386 6.376 4.322 3.510 3.264 3.126
0.01471 0.00000 9.87506 1.1016478539 2.4919567108    1.101  0.598  3.6974  3.623    3 3.274 6.314 4.232 3.407 3.154 3.012
0.01471 0.00000 9.87506 1.1028233767 2.4921536446    1.102  0.639  3.6955  3.575    3 3.172 6.242 4.143 3.310 3.054 2.909
0.01471 0.00000 9.87506 1.1041914225 2.4923818111    1.104  0.691  3.6937  3.516    3 3.041 6.139 4.025 3.185 2.926 2.778
0.01471 0.00000 9.87506 1.1052030325 2.4925503731    1.105  0.734  3.6924  3.469    3 2.935 6.055 3.928 3.082 2.820 2.670
0.01471 0.00000 9.87506 1.1063367128 2.4927384853    1.106  0.786  3.6909  3.412    3 2.806 5.954 3.810 2.957 2.693 2.540
0.01471 0.00000 9.87506 1.1072018147 2.4928820133    1.107  0.829  3.6897  3.364    3 2.698 5.869 3.712 2.853 2.586 2.432
0.01471 0.00000 9.87506 1.1080099344 2.4930157661    1.107  0.872  3.6885  3.316    3 2.590 5.786 3.614 2.749 2.479 2.322
0.01471 0.00000 9.87506 1.1087125540 2.4931318760    1.108  0.913  3.6872  3.270    3 2.487 5.707 3.522 2.650 2.378 2.219
0.01471 0.00000 9.87506 1.1095567942 2.4932711124    1.109  0.967  3.6855  3.210    3 2.354 5.607 3.402 2.522 2.246 2.084
0.01471 0.00000 9.87506 1.1101444960 2.4933679104    1.109  1.007  3.6842  3.165    3 2.252 5.534 3.313 2.425 2.147 1.982
0.01471 0.00000 9.87506 1.1108249426 2.4934797287    1.110  1.058  3.6823  3.106    3 2.125 5.444 3.201 2.303 2.021 1.853
0.01471 0.00000 9.87506 1.1113318205 2.4935631752    1.111  1.100  3.6807  3.059    3 2.021 5.373 3.110 2.205 1.919 1.749
0.01471 0.00000 9.87506 1.1119004488 2.4936563969    1.111  1.150  3.6787  3.000    3 1.894 5.291 3.002 2.085 1.795 1.621
0.01471 0.00000 9.87506 1.1124243736 2.4937422276    1.112  1.202  3.6764  2.939    3 1.764 5.208 2.891 1.963 1.668 1.491
0.01471 0.00000 9.87506 1.1128785610 2.4938166142    1.112  1.252  3.6742  2.881    3 1.640 5.131 2.786 1.847 1.548 1.366
0.01471 0.00000 9.87506 1.1132941246 2.4938845634    1.113  1.302  3.6719  2.822    3 1.515 5.055 2.682 1.731 1.426 1.241
0.01471 0.00000 9.87506 1.1136788130 2.4939475060    1.113  1.353  3.6695  2.761    3 1.388 4.980 2.576 1.613 1.303 1.113
0.01471 0.00000 9.87506 1.1140139103 2.4940023422    1.113  1.401  3.6670  2.704    3 1.268 4.913 2.479 1.503 1.188 0.993
0.01471 0.00000 9.87506 1.1143354177 2.4940547943    1.114  1.451  3.6645  2.644    3 1.143 4.845 2.378 1.389 1.068 0.869
0.01471 0.00000 9.87506 1.1146271229 2.4941022396    1.114  1.498  3.6619  2.586    3 1.024 4.781 2.282 1.280 0.953 0.749
0.01471 0.00000 9.87506 1.1149135828 2.4941489697    1.114  1.545  3.6594  2.530    3 0.909 4.721 2.191 1.175 0.843 0.635
0.01471 0.00000 9.87506 1.1152865887 2.4942097664    1.115  1.587  3.6572  2.478    3 0.802 4.674 2.108 1.079 0.741 0.528
0.01471 0.00000 9.87506 1.1155093908 2.4942460060    1.115  1.555  3.6594  2.520    3 0.883 4.696 2.165 1.149 0.818 0.609
0.01471 0.00000 9.87506 1.1156537533 2.4942696095    1.115  1.519  3.6617  2.565    3 0.971 4.732 2.231 1.228 0.902 0.697
0.01471 0.00000 9.87506 1.1156853437 2.4942748547    1.115  1.511  3.6623  2.576    3 0.993 4.741 2.248 1.248 0.922 0.719
0.01471 0.00000 9.87506 1.1157709360 2.4942886829    1.115  1.528  3.6613  2.555    3 0.950 4.719 2.214 1.209 0.881 0.676
0.01471 0.00000 9.87506 1.1159976721 2.4943256378    1.115  1.576  3.6586  2.496    3 0.830 4.662 2.120 1.100 0.766 0.556
0.01471 0.00000 9.87506 1.1162211895 2.4943618774    1.116  1.624  3.6558  2.437    3 0.710 4.627 2.032 0.993 0.652 0.437
0.01471 0.00000 9.87506 1.1164289713 2.4943957329    1.116  1.671  3.6530  2.379    3 0.592 4.593 1.946 0.887 0.539 0.318
0.01471 0.00000 9.87506 1.1166166067 2.4944262505    1.116  1.717  3.6503  2.322    3 0.477 4.562 1.863 0.784 0.429 0.203
0.01471 0.00000 9.87506 1.1167894602 2.4944541454    1.116  1.763  3.6474  2.265    3 0.363 4.537 1.783 0.684 0.320 0.089
0.01471 0.00000 9.87506 1.1169514656 2.4944806099    1.116  1.810  3.6445  2.206    3 0.246 4.513 1.702 0.582 0.210 -0.027
0.01471 0.00000 9.87506 1.1170953512 2.4945039749    1.116  1.855  3.6417  2.150    3 0.133 4.492 1.626 0.484 0.104 -0.138
0.01471 0.00000 9.87506 1.1172297001 2.4945256710    1.117  1.900  3.6388  2.093    3 0.020 4.473 1.550 0.387 -0.002 -0.251
0.01471 0.00000 9.87506 1.1173518896 2.4945454597    1.117  1.944  3.6359  2.037    3 -0.091 4.459 1.477 0.295 -0.106 -0.361
0.01471 0.00000 9.87506 1.1174638271 2.4945635796    1.117  1.989  3.6329  1.981    3 -0.203 4.433 1.405 0.202 -0.209 -0.470
0.01471 0.00000 9.87506 1.1175665855 2.4945802689    1.117  2.033  3.6299  1.924    3 -0.314 4.381 1.330 0.109 -0.310 -0.577
0.01471 0.00000 9.87506 1.1176596880 2.4945952892    1.117  2.077  3.6269  1.869    3 -0.423 4.329 1.259 0.022 -0.408 -0.681
0.01471 0.00000 9.87506 1.1177457571 2.4946093559    1.117  2.121  3.6239  1.813    3 -0.532 4.274 1.187 -0.066 -0.506 -0.786
0.01471 0.00000 9.87506 1.1178239584 2.4946219921    1.117  2.164  3.6208  1.758    3 -0.640 4.218 1.115 -0.154 -0.602 -0.888
0.01471 0.00000 9.87506 1.1178958416 2.4946336746    1.117  2.207  3.6178  1.703    3 -0.746 4.159 1.045 -0.237 -0.697 -0.990
0.01471 0.00000 9.87506 1.1179631948 2.4946446419    1.117  2.250  3.6147  1.647    3 -0.854 4.100 0.975 -0.321 -0.791 -1.091
0.01471 0.00000 9.87506 1.1180231571 2.4946541786    1.117  2.291  3.6116  1.593    3 -0.958 4.043 0.908 -0.402 -0.881 -1.189
0.01471 0.00000 9.87506 1.1180804968 2.4946634769    1.117  2.334  3.6084  1.538    3 -1.065 3.983 0.839 -0.484 -0.973 -1.289
0.01471 0.00000 9.87506 1.1181312799 2.4946718216    1.117  2.375  3.6053  1.485    3 -1.167 3.942 0.778 -0.559 -1.060 -1.385
0.01471 0.00000 9.87506 1.1181782484 2.4946794510    1.117  2.416  3.6021  1.431    3 -1.269 3.946 0.726 -0.630 -1.148 -1.483
0.01471 0.00000 9.87506 1.1182228327 2.4946866035    1.118  2.457  3.5989  1.377    3 -1.373 3.949 0.674 -0.701 -1.237 -1.583
0.01471 0.00000 9.87506 1.1182625294 2.4946930408    1.118  2.497  3.5957  1.324    3 -1.472 3.949 0.630 -0.762 -1.320 -1.679
0.01471 0.00000 9.87506 1.1182996035 2.4946990013    1.118  2.537  3.5925  1.272    3 -1.572 3.952 0.585 -0.823 -1.403 -1.775
0.01471 0.00000 9.87506 1.1183341742 2.4947047234    1.118  2.577  3.5892  1.219    3 -1.672 3.955 0.543 -0.882 -1.485 -1.870
0.01471 0.00000 9.87506 1.1183646917 2.4947094917    1.118  2.614  3.5860  1.168    3 -1.766 3.956 0.509 -0.929 -1.560 -1.960
0.01471 0.00000 9.87506 1.1183938980 2.4947142601    1.118  2.653  3.5827  1.116    3 -1.862 3.959 0.476 -0.976 -1.637 -2.052
0.01471 0.00000 9.87506 1.1184213161 2.4947187901    1.118  2.691  3.5793  1.064    3 -1.958 3.962 0.444 -1.020 -1.712 -2.144
0.01471 0.00000 9.87506 1.1184458733 2.4947226048    1.118  2.728  3.5760  1.015    3 -2.049 3.961 0.426 -1.045 -1.779 -2.230
0.01471 0.00000 9.87506 1.1184744835 2.4947273731    1.118  2.773  3.5718  0.952    3 -2.163 3.967 0.407 -1.073 -1.861 -2.337
0.01471 0.00000 9.87506 1.1185007095 2.4947316647    1.118  2.818  3.5676  0.891    3 -2.275 3.972 0.401 -1.084 -1.937 -2.442
0.01471 0.00000 9.87506 1.1185245514 2.4947354794    1.118  2.862  3.5633  0.830    3 -2.384 3.976 0.404 -1.081 -2.008 -2.543
0.01471 0.00000 9.87506 1.1185467243 2.4947390556    1.118  2.905  3.5590  0.769    3 -2.493 3.980 0.414 -1.069 -2.075 -2.642
0.01471 0.00000 9.87506 1.1185671091 2.4947423935    1.118  2.948  3.5547  0.709    3 -2.600 3.981 0.443 -1.032 -2.132 -2.735
0.01471 0.00000 9.87506 1.1185855865 2.4947452545    1.118  2.989  3.5504  0.651    3 -2.702 3.984 0.474 -0.993 -2.186 -2.824
0.01471 0.00000 9.87506 1.1186031103 2.4947481155    1.118  3.030  3.5460  0.592    3 -2.805 3.985 0.535 -0.922 -2.225 -2.906
0.01471 0.00000 9.87506 1.1186190844 2.4947507381    1.118  3.070  3.5416  0.535    3 -2.905 3.988 0.600 -0.846 -2.259 -2.983
0.01471 0.00000 9.87506 1.1186337471 2.4947531223    1.118  3.109  3.5373  0.478    3 -3.003 3.989 0.687 -0.751 -2.282 -3.052
0.01471 0.00000 9.87506 1.1186475754 2.4947552681    1.118  3.148  3.5329  0.422    3 -3.099 3.993 0.792 -0.637 -2.295 -3.115
0.01471 0.00000 9.87506 1.1186604500 2.4947574139    1.118  3.186  3.5284  0.367    3 -3.194 3.995 0.913 -0.515 -2.298 -3.169
0.01471 0.00000 9.87506 1.1186722517 2.4947593212    1.118  3.222  3.5240  0.312    3 -3.285 3.999 1.065 -0.372 -2.280 -3.206
0.01471 0.00000 9.87506 1.1186833382 2.4947612286    1.118  3.258  3.5196  0.259    3 -3.375 4.005 1.228 -0.218 -2.256 -3.238
0.01471 0.00000 9.87506 1.1186937094 2.4947628975    1.118  3.293  3.5152  0.206    3 -3.463 4.009 1.436 -0.024 -2.198 -3.242
0.01471 0.00000 9.87506 1.1187033653 2.4947643280    1.118  3.328  3.5108  0.154    3 -3.549 4.016 1.648 0.174 -2.138 -3.243
0.01471 0.00000 9.87506 1.1187126637 2.4947657585    1.118  3.361  3.5064  0.103    3 -3.633 4.013 1.823 0.328 -2.087 -3.247
0.01471 0.00000 9.87506 1.1187241077 2.4947676659    1.118  3.401  3.5013  0.043    3 -3.732 4.011 2.038 0.514 -2.018 -3.246
0.01471 0.00000 9.87506 1.1187241077 2.4947676659    1.118  1.711  3.6701  2.408    4 0.491 4.072 1.669 0.713 0.407 0.217
0.01471 0.00000 9.87506 1.1188492775 2.4947879314    1.118  1.721  3.6693  2.394    4 0.466 4.070 1.653 0.691 0.383 0.191
0.01471 0.00000 9.87506 1.1189775467 2.4948086739    1.118  1.726  3.6691  2.389    4 0.455 4.066 1.644 0.681 0.372 0.180
0.01471 0.00000 9.87506 1.1191097498 2.4948301315    1.118  1.726  3.6693  2.390    4 0.456 4.060 1.642 0.680 0.372 0.180
0.01471 0.00000 9.87506 1.1192409992 2.4948513508    1.119  1.724  3.6697  2.394    4 0.460 4.054 1.642 0.683 0.376 0.185
0.01471 0.00000 9.87506 1.1193726063 2.4948725700    1.119  1.722  3.6702  2.398    4 0.465 4.048 1.643 0.686 0.380 0.190
0.01471 0.00000 9.87506 1.1195067167 2.4948942661    1.119  1.720  3.6706  2.402    4 0.471 4.043 1.645 0.691 0.386 0.196
0.01471 0.00000 9.87506 1.1196402311 2.4949157238    1.119  1.717  3.6711  2.406    4 0.476 4.037 1.646 0.695 0.390 0.202
0.01471 0.00000 9.87506 1.1197696924 2.4949367046    1.119  1.715  3.6715  2.409    4 0.481 4.032 1.647 0.698 0.395 0.207
0.01471 0.00000 9.87506 1.1198977232 2.4949572086    1.119  1.714  3.6718  2.413    4 0.486 4.028 1.648 0.701 0.399 0.211
0.01471 0.00000 9.87506 1.1200360060 2.4949796200    1.119  1.712  3.6722  2.416    4 0.490 4.023 1.649 0.704 0.402 0.215
0.01471 0.00000 9.87506 1.1201622486 2.4949998856    1.119  1.711  3.6725  2.418    4 0.493 4.018 1.649 0.706 0.405 0.219
0.01471 0.00000 9.87506 1.1203061342 2.4950232506    1.120  1.710  3.6728  2.421    4 0.496 4.013 1.649 0.708 0.407 0.222
0.01471 0.00000 9.87506 1.1204466820 2.4950459003    1.120  1.709  3.6731  2.423    4 0.498 4.009 1.649 0.709 0.409 0.224
0.01471 0.00000 9.87506 1.1205203533 2.4950575829    1.120  1.708  3.6733  2.424    4 0.499 4.006 1.648 0.710 0.410 0.225
0.01471 0.00000 9.87506 1.1205784082 2.4950671196    1.120  1.708  3.6734  2.424    4 0.500 4.005 1.648 0.710 0.411 0.226
0.01471 0.00000 9.87506 1.1207084656 2.4950881004    1.120  1.708  3.6736  2.426    4 0.501 4.001 1.647 0.711 0.412 0.227
0.01471 0.00000 9.87506 1.1208356619 2.4951083660    1.120  1.707  3.6737  2.427    4 0.502 3.997 1.646 0.711 0.412 0.228
0.01471 0.00000 9.87506 1.1209671497 2.4951295853    1.120  1.707  3.6739  2.428    4 0.502 3.994 1.645 0.710 0.412 0.228
0.01471 0.00000 9.87506 1.1210917234 2.4951496124    1.120  1.708  3.6740  2.428    4 0.501 3.991 1.643 0.709 0.411 0.227
0.01471 0.00000 9.87506 1.1212220192 2.4951705933    1.120  1.708  3.6741  2.427    4 0.499 3.988 1.641 0.707 0.409 0.226
0.01471 0.00000 9.87506 1.1213518381 2.4951915741    1.121  1.709  3.6741  2.427    4 0.497 3.985 1.639 0.705 0.407 0.223
0.01471 0.00000 9.87506 1.1214468479 2.4952068329    1.121  1.710  3.6741  2.426    4 0.495 3.983 1.637 0.702 0.405 0.221
0.01471 0.00000 9.87506 1.1215034723 2.4952158928    1.121  1.711  3.6740  2.425    4 0.493 3.982 1.635 0.701 0.403 0.219
0.01471 0.00000 9.87506 1.1216310263 2.4952363968    1.121  1.713  3.6740  2.423    4 0.488 3.980 1.631 0.696 0.398 0.214
0.01471 0.00000 9.87506 1.1217530966 2.4952559471    1.121  1.715  3.6738  2.420    4 0.482 3.978 1.627 0.691 0.393 0.209
0.01471 0.00000 9.87506 1.1218757629 2.4952757359    1.121  1.718  3.6736  2.416    4 0.475 3.977 1.622 0.685 0.386 0.201
0.01471 0.00000 9.87506 1.1219983101 2.4952955246    1.121  1.722  3.6733  2.411    4 0.466 3.975 1.615 0.676 0.377 0.192
0.01471 0.00000 9.87506 1.1221201420 2.4953150749    1.121  1.726  3.6729  2.406    4 0.455 3.974 1.608 0.667 0.366 0.181
0.01471 0.00000 9.87506 1.1222403049 2.4953343868    1.122  1.731  3.6725  2.398    4 0.442 3.973 1.599 0.655 0.354 0.167
0.01471 0.00000 9.87506 1.1223596334 2.4953534603    1.122  1.737  3.6720  2.391    4 0.427 3.972 1.589 0.642 0.340 0.153
0.01471 0.00000 9.87506 1.1224802732 2.4953727722    1.122  1.744  3.6713  2.381    4 0.410 3.971 1.578 0.627 0.323 0.135
0.01471 0.00000 9.87506 1.1226028204 2.4953925610    1.122  1.753  3.6705  2.369    4 0.388 3.971 1.564 0.608 0.302 0.113
0.01471 0.00000 9.87506 1.1227155924 2.4954106808    1.122  1.752  3.6707  2.370    4 0.390 3.968 1.564 0.609 0.304 0.114
0.01471 0.00000 9.87506 1.1228380203 2.4954302311    1.122  1.773  3.6687  2.342    4 0.337 3.969 1.532 0.563 0.254 0.061
0.01471 0.00000 9.87506 1.1229566336 2.4954493046    1.122  1.809  3.6654  2.293    4 0.249 3.969 1.477 0.487 0.171 -0.028
0.01471 0.00000 9.87506 1.1230198145 2.4954593182    1.122  1.846  3.6620  2.243    4 0.156 3.970 1.420 0.408 0.083 -0.121
0.01471 0.00000 9.87506 1.1230540276 2.4954648018    1.122  1.884  3.6586  2.190    4 0.059 3.971 1.360 0.325 -0.008 -0.218
0.01471 0.00000 9.87506 1.1230722666 2.4954679012    1.122  1.923  3.6551  2.137    4 -0.038 3.975 1.302 0.243 -0.098 -0.315
0.01471 0.00000 9.87506 1.1230818033 2.4954693317    1.122  1.961  3.6517  2.086    4 -0.133 3.979 1.245 0.163 -0.187 -0.410
0.01471 0.00000 9.87506 1.1230870485 2.4954700470    1.122  2.000  3.6484  2.034    4 -0.229 3.985 1.189 0.083 -0.276 -0.505
0.01471 0.00000 9.87506 1.1230902672 2.4954707623    1.122  2.037  3.6452  1.984    4 -0.322 3.983 1.135 0.007 -0.361 -0.596
0.01471 0.00000 9.87506 1.1230924129 2.4954710007    1.122  2.072  3.6422  1.937    4 -0.409 3.961 1.084 -0.065 -0.440 -0.681
0.01471 0.00000 9.87506 1.1230925322 2.4954710007    1.122  2.074  3.6420  1.935    7 -0.414 3.959 1.081 -0.069 -0.444 -0.685
0.01471 0.00000 9.87506 1.1230936050 2.4954712391    1.122  2.094  3.6403  1.907    7 -0.466 3.945 1.049 -0.112 -0.491 -0.735
0.01471 0.00000 9.87506 1.1230956316 2.4954714775    1.122  2.136  3.6367  1.851    7 -0.570 3.914 0.988 -0.195 -0.585 -0.836
0.01471 0.00000 9.87506 1.1230975389 2.4954719543    1.122  2.170  3.6339  1.806    7 -0.654 3.888 0.937 -0.262 -0.660 -0.916
0.01471 0.00000 9.87506 1.1230994463 2.4954721928    1.122  2.198  3.6315  1.769    7 -0.724 3.864 0.895 -0.318 -0.722 -0.983
0.01471 0.00000 9.87506 1.1231044531 2.4954729080    1.122  2.202  3.6312  1.763    7 -0.734 3.859 0.888 -0.326 -0.732 -0.993
0.01471 0.00000 9.87506 1.1231085062 2.4954736233    1.122  2.168  3.6341  1.809    7 -0.649 3.887 0.939 -0.259 -0.656 -0.912
0.01471 0.00000 9.87506 1.1231184006 2.4954752922    1.122  2.134  3.6370  1.854    7 -0.566 3.913 0.989 -0.192 -0.582 -0.832
0.01471 0.00000 9.87506 1.1231981516 2.4954879284    1.122  2.128  3.6374  1.862    7 -0.549 3.920 1.000 -0.178 -0.567 -0.816
0.01471 0.00000 9.87506 1.1232595444 2.4954977036    1.123  2.168  3.6339  1.808    7 -0.651 3.890 0.940 -0.259 -0.657 -0.913
0.01471 0.00000 9.87506 1.1233111620 2.4955060482    1.123  2.211  3.6303  1.750    7 -0.759 3.855 0.875 -0.345 -0.753 -1.016
0.01471 0.00000 9.87506 1.1233546734 2.4955129623    1.123  2.254  3.6266  1.692    7 -0.866 3.815 0.811 -0.427 -0.847 -1.117
0.01471 0.00000 9.87506 1.1233913898 2.4955189228    1.123  2.297  3.6230  1.636    7 -0.972 3.773 0.747 -0.509 -0.939 -1.218
0.01471 0.00000 9.87506 1.1234227419 2.4955239296    1.123  2.339  3.6195  1.580    7 -1.076 3.729 0.683 -0.589 -1.030 -1.316
0.01471 0.00000 9.87506 1.1234499216 2.4955282211    1.123  2.380  3.6159  1.524    7 -1.180 3.685 0.621 -0.665 -1.118 -1.413
0.01471 0.00000 9.87506 1.1234737635 2.4955320358    1.123  2.421  3.6123  1.468    7 -1.284 3.674 0.565 -0.741 -1.207 -1.511
0.01471 0.00000 9.87506 1.1234948635 2.4955353737    1.123  2.462  3.6088  1.413    7 -1.386 3.689 0.516 -0.813 -1.295 -1.610
0.01471 0.00000 9.87506 1.1235140562 2.4955384731    1.123  2.503  3.6052  1.358    7 -1.488 3.703 0.469 -0.881 -1.382 -1.708
0.01471 0.00000 9.87506 1.1235318184 2.4955413342    1.123  2.544  3.6016  1.302    7 -1.591 3.719 0.424 -0.950 -1.469 -1.806
0.01471 0.00000 9.87506 1.1235482693 2.4955439568    1.123  2.585  3.5980  1.247    7 -1.692 3.732 0.381 -1.012 -1.553 -1.903
0.01471 0.00000 9.87506 1.1235640049 2.4955465794    1.123  2.626  3.5943  1.191    7 -1.796 3.744 0.341 -1.071 -1.637 -2.001
0.01471 0.00000 9.87506 1.1235787868 2.4955489635    1.123  2.667  3.5905  1.136    7 -1.897 3.759 0.303 -1.129 -1.720 -2.098
0.01471 0.00000 9.87506 1.1235926151 2.4955511093    1.123  2.708  3.5867  1.079    7 -1.999 3.770 0.272 -1.176 -1.799 -2.195
0.01471 0.00000 9.87506 1.1236057281 2.4955532551    1.123  2.747  3.5830  1.025    7 -2.098 3.782 0.243 -1.220 -1.876 -2.289
0.01471 0.00000 9.87506 1.1236183643 2.4955551624    1.123  2.787  3.5790  0.969    7 -2.198 3.799 0.223 -1.256 -1.951 -2.384
0.01471 0.00000 9.87506 1.1236287355 2.4955568314    1.123  2.828  3.5749  0.912    7 -2.301 3.811 0.212 -1.276 -2.023 -2.480
0.01471 0.00000 9.87506 1.1236355305 2.4955580235    1.123  2.868  3.5709  0.856    7 -2.400 3.826 0.203 -1.293 -2.092 -2.573
0.01471 0.00000 9.87506 1.1236405373 2.4955587387    1.123  2.905  3.5669  0.803    7 -2.493 3.835 0.210 -1.289 -2.152 -2.660
0.01471 0.00000 9.87506 1.1236449480 2.4955594540    1.123  2.943  3.5629  0.749    7 -2.587 3.846 0.223 -1.276 -2.208 -2.745
0.01471 0.00000 9.87506 1.1236490011 2.4955601692    1.123  2.981  3.5587  0.694    7 -2.682 3.856 0.243 -1.253 -2.263 -2.831
0.01471 0.00000 9.87506 1.1236528158 2.4955608845    1.123  3.019  3.5545  0.639    7 -2.778 3.863 0.281 -1.206 -2.309 -2.913
0.01471 0.00000 9.87506 1.1236566305 2.4955613613    1.123  3.060  3.5498  0.580    7 -2.880 3.874 0.326 -1.151 -2.357 -3.000
0.01471 0.00000 9.87506 1.1236600876 2.4955618382    1.123  3.097  3.5455  0.526    7 -2.972 3.880 0.396 -1.070 -2.385 -3.070
0.01471 0.00000 9.87506 1.1236640215 2.4955625534    1.123  3.136  3.5408  0.468    7 -3.070 3.890 0.478 -0.975 -2.413 -3.145
0.01471 0.00000 9.87506 1.1236683130 2.4955632687    1.123  3.174  3.5362  0.411    7 -3.164 3.898 0.588 -0.855 -2.424 -3.207
0.01471 0.00000 9.87506 1.1236727238 2.4955639839    1.123  3.210  3.5317  0.358    7 -3.254 3.906 0.700 -0.736 -2.430 -3.262
0.01471 0.00000 9.87506 1.1236755848 2.4955644608    1.123  3.216  3.5310  0.349    7 -3.270 3.907 0.717 -0.717 -2.432 -3.273
0.01471 0.00000 9.87506 1.1236757040 2.4955644608    1.123  3.210  3.5318  0.358    7 -3.254 3.905 0.696 -0.740 -2.432 -3.264
0.01471 0.00000 9.87506 1.1236760616 2.4955644608    1.123  3.215  3.5311  0.349    7 -3.268 3.907 0.716 -0.719 -2.432 -3.272
0.01471 0.00000 9.87506 1.1236763000 2.4955644608    1.123  3.225  3.5298  0.335    7 -3.292 3.910 0.750 -0.683 -2.432 -3.286
0.01471 0.00000 9.87506 1.1236765385 2.4955646992    1.123  3.236  3.5283  0.317    7 -3.321 3.912 0.805 -0.631 -2.423 -3.296
0.01471 0.00000 9.87506 1.1236768961 2.4955646992    1.123  3.256  3.5258  0.288    7 -3.369 3.918 0.896 -0.544 -2.408 -3.312
0.01471 0.00000 9.87506 1.1236772537 2.4955646992    1.123  3.285  3.5218  0.243    7 -3.442 3.928 1.045 -0.403 -2.381 -3.336
0.01471 0.00000 9.87506 1.1236778498 2.4955646992    1.123  3.320  3.5171  0.189    7 -3.529 3.939 1.257 -0.203 -2.325 -3.343
0.01471 0.00000 9.87506 1.1236786842 2.4955649376    1.123  3.347  3.5132  0.146    7 -3.597 3.949 1.445 -0.027 -2.267 -3.339
#isochrone terminated
