# File generated by CMD 3.3 (http://stev.oapd.inaf.it/cmd) on Wed Dec  4 02:49:33 CET 2019
# isochrones based on PARSEC release v1.2S
# Basic references: Bressan et al. (2012), MNRAS, 427, 127 + Chen et al. (2014, 2015), MNRAS, 444, 2525 + MNRAS, 452, 1068 + Tang et al. (2014), MNRAS, 445, 4287
# On RGB, assumed Reimers mass loss with efficiency eta=0.2
# Photometric system: <i>UBVRIJHK</i> (cf. Maiz-Apellaniz 2006 + Bessell 1990)
# Attention: photometry includes extinction of Av=0.5, with coefficients derived star-by-star, for Cardelli et al 89 + O'Donnell 94 Rv=3.1 extinction curve.
# Using YBC version of bolometric corrections as in Chen et al. (2019)
# O-rich circumstellar dpmod60alox40 dust from Groenewegen (2006)
# C-rich circumstellar AMCSIC15 dust from Groenewegen (2006)
# IMF: Kroupa (2001, 2002) + Kroupa et al. (2013) canonical two-part-power law IMF corrected for unresolved binaries 
# Kind of output: isochrone tables
# Zini     MH   logAge Mini        int_IMF         Mass   logL    logTe  logg  label 	 mbolmag  Umag    Bmag    Vmag    Rmag    Imag    Jmag    Hmag    Kmag
0.01471 0.00000 9.87506 0.0900000036 1.0816895962    0.090 -3.422  3.3633  5.219    1 13.324 23.371 20.583 18.630 16.330 14.021 11.391 10.727 10.408
0.01471 0.00000 9.87506 0.1000000015 1.1711064577    0.100 -3.238  3.3895  5.186    1 12.865 22.849 20.097 18.153 15.865 13.561 10.933 10.270 9.947
0.01471 0.00000 9.87506 0.1200000048 1.3193155527    0.120 -2.971  3.4248  5.140    1 12.199 21.673 19.106 17.199 15.024 12.791 10.286 9.623 9.293
0.01471 0.00000 9.87506 0.1400000006 1.4384527206    0.140 -2.789  3.4447  5.103    1 11.742 20.163 17.918 16.093 14.155 12.085 9.877 9.211 8.880
0.01471 0.00000 9.87506 0.1599999964 1.5372931957    0.160 -2.647  3.4582  5.074    1 11.389 19.155 17.102 15.319 13.535 11.584 9.557 8.889 8.561
0.01471 0.00000 9.87506 0.2000000030 1.6938791275    0.200 -2.429  3.4770  5.028    1 10.843 17.822 15.986 14.259 12.663 10.873 9.057 8.387 8.068
0.01471 0.00000 9.87506 0.2500000000 1.8403258324    0.250 -2.219  3.4933  4.980    1 10.318 16.714 15.027 13.333 11.874 10.234 8.572 7.900 7.592
0.01471 0.00000 9.87506 0.3000000119 1.9529139996    0.300 -2.056  3.5038  4.938    1 9.909 15.986 14.377 12.714 11.329 9.768 8.188 7.513 7.213
0.01471 0.00000 9.87506 0.3500000238 2.0434176922    0.350 -1.905  3.5124  4.889    1 9.533 15.371 13.818 12.182 10.851 9.352 7.831 7.153 6.860
0.01471 0.00000 9.87506 0.4000000358 2.1185026169    0.400 -1.761  3.5235  4.847    1 9.172 14.757 13.250 11.641 10.370 8.947 7.498 6.812 6.529
0.01471 0.00000 9.87506 0.4500000179 2.1822810173    0.450 -1.611  3.5358  4.797    1 8.797 14.148 12.672 11.090 9.877 8.532 7.153 6.459 6.185
0.01471 0.00000 9.87506 0.5000000000 2.2374541759    0.500 -1.453  3.5511  4.746    1 8.402 13.519 12.054 10.499 9.345 8.096 6.797 6.091 5.830
0.01471 0.00000 9.87506 0.5250934958 2.2619073391    0.525 -1.364  3.5613  4.719    1 8.179 13.166 11.696 10.152 9.032 7.851 6.602 5.889 5.636
0.01471 0.00000 9.87506 0.5500000119 2.2836582661    0.550 -1.279  3.5710  4.693    1 7.968 12.840 11.360 9.825 8.735 7.621 6.418 5.697 5.454
0.01471 0.00000 9.87506 0.5713286996 2.3005619049    0.571 -1.204  3.5818  4.678    1 7.780 12.536 11.043 9.520 8.459 7.417 6.260 5.531 5.301
0.01471 0.00000 9.87506 0.6000000238 2.3211214542    0.600 -1.108  3.5956  4.658    1 7.539 12.156 10.644 9.145 8.119 7.161 6.054 5.314 5.105
0.01471 0.00000 9.87506 0.6435074210 2.3483324051    0.643 -0.955  3.6217  4.641    1 7.159 11.509 9.962 8.537 7.576 6.758 5.733 4.992 4.824
0.01471 0.00000 9.87506 0.6499999762 2.3520355225    0.650 -0.934  3.6255  4.638    1 7.104 11.409 9.859 8.449 7.499 6.701 5.687 4.949 4.786
0.01471 0.00000 9.87506 0.7000000477 2.3779268265    0.700 -0.765  3.6558  4.623    1 6.682 10.444 9.034 7.762 6.914 6.261 5.346 4.660 4.534
0.01471 0.00000 9.87506 0.7089517117 2.3821210861    0.709 -0.735  3.6611  4.620    1 6.608 10.245 8.888 7.643 6.816 6.183 5.288 4.617 4.495
0.01471 0.00000 9.87506 0.7390447855 2.3953688145    0.739 -0.637  3.6786  4.610    1 6.361 9.593 8.425 7.267 6.510 5.927 5.095 4.483 4.370
0.01471 0.00000 9.87506 0.7500000000 2.3998889923    0.750 -0.601  3.6848  4.605    1 6.273 9.375 8.270 7.139 6.405 5.837 5.026 4.432 4.323
0.01471 0.00000 9.87506 0.7698094845 2.4076881409    0.770 -0.540  3.6939  4.592    1 6.119 9.033 8.021 6.931 6.231 5.683 4.902 4.336 4.231
0.01471 0.00000 9.87506 0.7954584360 2.4171259403    0.795 -0.461  3.7055  4.573    1 5.922 8.602 7.713 6.672 6.013 5.487 4.746 4.213 4.113
0.01471 0.00000 9.87506 0.8000000119 2.4187245369    0.800 -0.447  3.7075  4.570    1 5.887 8.529 7.660 6.627 5.975 5.453 4.718 4.192 4.092
0.01471 0.00000 9.87506 0.8103638291 2.4222958088    0.810 -0.415  3.7119  4.562    1 5.808 8.365 7.542 6.527 5.889 5.375 4.654 4.141 4.043
0.01471 0.00000 9.87506 0.8336469531 2.4299476147    0.833 -0.344  3.7216  4.541    1 5.630 8.007 7.284 6.307 5.700 5.202 4.513 4.025 3.932
0.01471 0.00000 9.87506 0.8500000238 2.4350347519    0.850 -0.294  3.7282  4.526    1 5.505 7.769 7.111 6.158 5.569 5.082 4.412 3.943 3.852
0.01471 0.00000 9.87506 0.8532322049 2.4360136986    0.853 -0.284  3.7295  4.523    1 5.481 7.723 7.077 6.129 5.543 5.058 4.392 3.926 3.835
0.01471 0.00000 9.87506 0.8748574853 2.4423501492    0.874 -0.218  3.7375  4.499    1 5.314 7.422 6.851 5.935 5.372 4.900 4.259 3.814 3.726
0.01471 0.00000 9.87506 0.8951841593 2.4479863644    0.895 -0.155  3.7447  4.475    1 5.158 7.140 6.642 5.755 5.214 4.754 4.134 3.705 3.622
0.01471 0.00000 9.87506 0.8999999762 2.4492788315    0.899 -0.140  3.7463  4.469    1 5.121 7.074 6.593 5.714 5.177 4.719 4.104 3.680 3.596
0.01471 0.00000 9.87506 0.9020283818 2.4498183727    0.901 -0.134  3.7470  4.467    1 5.105 7.046 6.573 5.696 5.161 4.705 4.091 3.668 3.586
0.01471 0.00000 9.87506 0.9142984748 2.4530241489    0.914 -0.095  3.7509  4.450    1 5.009 6.884 6.451 5.589 5.065 4.615 4.013 3.598 3.518
0.01471 0.00000 9.87506 0.9261655211 2.4560317993    0.926 -0.058  3.7545  4.432    1 4.915 6.735 6.334 5.488 4.973 4.528 3.936 3.529 3.450
0.01471 0.00000 9.87506 0.9479784369 2.4613349438    0.947  0.011  3.7606  4.398    1 4.742 6.467 6.121 5.300 4.802 4.366 3.790 3.398 3.322
0.01471 0.00000 9.87506 0.9499999881 2.4618122578    0.950  0.018  3.7612  4.394    1 4.725 6.443 6.102 5.283 4.786 4.351 3.777 3.386 3.310
0.01471 0.00000 9.87506 0.9584422112 2.4637806416    0.958  0.045  3.7633  4.379    1 4.656 6.344 6.019 5.210 4.718 4.287 3.718 3.332 3.257
0.01471 0.00000 9.87506 0.9771324992 2.4679996967    0.977  0.107  3.7675  4.343    1 4.503 6.131 5.839 5.048 4.568 4.143 3.585 3.208 3.135
0.01471 0.00000 9.87506 0.9948655367 2.4718344212    0.995  0.164  3.7707  4.307    1 4.360 5.946 5.677 4.899 4.427 4.008 3.458 3.088 3.017
0.01471 0.00000 9.87506 1.0000000000 2.4729156494    1.000  0.181  3.7714  4.295    1 4.319 5.895 5.630 4.856 4.386 3.968 3.420 3.052 2.981
0.01471 0.00000 9.87506 1.0121659040 2.4754271507    1.012  0.221  3.7729  4.266    1 4.217 5.773 5.519 4.752 4.286 3.871 3.327 2.962 2.891
0.01471 0.00000 9.87506 1.0245145559 2.4779062271    1.024  0.265  3.7744  4.233    1 4.106 5.644 5.398 4.639 4.177 3.764 3.223 2.862 2.792
0.01471 0.00000 9.87506 1.0339014530 2.4797453880    1.034  0.301  3.7750  4.204    1 4.019 5.548 5.306 4.550 4.090 3.678 3.139 2.779 2.709
0.01471 0.00000 9.87506 1.0430157185 2.4814946651    1.043  0.336  3.7751  4.173    1 3.931 5.458 5.217 4.461 4.002 3.590 3.052 2.692 2.622
0.01471 0.00000 9.87506 1.0499999523 2.4828116894    1.050  0.364  3.7748  4.146    1 3.861 5.392 5.149 4.392 3.932 3.520 2.981 2.620 2.550
0.01471 0.00000 9.87506 1.0517861843 2.4831452370    1.051  0.371  3.7746  4.140    1 3.843 5.375 5.131 4.374 3.914 3.502 2.962 2.601 2.531
0.01471 0.00000 9.87506 1.0615960360 2.4849541187    1.061  0.411  3.7734  4.098    1 3.742 5.289 5.037 4.275 3.812 3.398 2.855 2.491 2.421
0.01471 0.00000 9.87506 1.0700304508 2.4864790440    1.069  0.447  3.7704  4.054    2 3.652 5.232 4.963 4.190 3.721 3.302 2.751 2.381 2.309
0.01471 0.00000 9.87506 1.0776551962 2.4878337383    1.077  0.478  3.7654  4.006    2 3.575 5.215 4.915 4.121 3.642 3.215 2.650 2.269 2.195
0.01471 0.00000 9.87506 1.0845797062 2.4890453815    1.084  0.499  3.7567  3.952    2 3.522 5.275 4.915 4.086 3.586 3.145 2.556 2.155 2.077
0.01471 0.00000 9.87506 1.0888934135 2.4897911549    1.088  0.503  3.7470  3.912    2 3.513 5.402 4.968 4.100 3.576 3.120 2.504 2.080 1.998
0.01471 0.00000 9.87506 1.0915292501 2.4902434349    1.091  0.497  3.7377  3.881    2 3.527 5.551 5.041 4.140 3.594 3.124 2.481 2.033 1.948
0.01471 0.00000 9.87506 1.0933815241 2.4905598164    1.093  0.489  3.7290  3.855    2 3.547 5.699 5.122 4.187 3.621 3.137 2.466 1.996 1.908
0.01471 0.00000 9.87506 1.0951405764 2.4908590317    1.094  0.486  3.7199  3.823    2 3.554 5.849 5.196 4.227 3.638 3.138 2.438 1.944 1.852
0.01471 0.00000 9.87506 1.0972537994 2.4912171364    1.096  0.499  3.7101  3.771    2 3.522 5.980 5.240 4.234 3.619 3.103 2.370 1.847 1.751
0.01471 0.00000 9.87506 1.0991312265 2.4915339947    1.098  0.528  3.7031  3.715    2 3.449 6.026 5.225 4.192 3.558 3.029 2.273 1.730 1.631
0.01471 0.00000 9.87506 1.0996586084 2.4916229248    1.099  0.539  3.7015  3.697    2 3.421 6.025 5.211 4.171 3.533 3.001 2.239 1.692 1.593
0.01471 0.00000 9.87506 1.1000000238 2.4916803837    1.099  0.549  3.7007  3.685    2 3.398 6.014 5.194 4.152 3.511 2.978 2.213 1.664 1.564
0.01471 0.00000 9.87506 1.1001741886 2.4917094707    1.100  0.553  3.7003  3.679    2 3.386 6.009 5.185 4.141 3.500 2.966 2.200 1.649 1.549
0.01471 0.00000 9.87506 1.1016478539 2.4919567108    1.101  0.598  3.6974  3.623    3 3.274 5.945 5.098 4.043 3.395 2.855 2.078 1.519 1.417
0.01471 0.00000 9.87506 1.1028233767 2.4921536446    1.102  0.639  3.6955  3.575    3 3.172 5.872 5.012 3.950 3.297 2.753 1.970 1.405 1.303
0.01471 0.00000 9.87506 1.1041914225 2.4923818111    1.104  0.691  3.6937  3.516    3 3.041 5.769 4.896 3.828 3.171 2.624 1.834 1.262 1.160
0.01471 0.00000 9.87506 1.1052030325 2.4925503731    1.105  0.734  3.6924  3.469    3 2.935 5.683 4.801 3.726 3.067 2.517 1.722 1.147 1.044
0.01471 0.00000 9.87506 1.1063367128 2.4927384853    1.106  0.786  3.6909  3.412    3 2.806 5.581 4.686 3.604 2.941 2.388 1.588 1.009 0.905
0.01471 0.00000 9.87506 1.1072018147 2.4928820133    1.107  0.829  3.6897  3.364    3 2.698 5.496 4.590 3.502 2.836 2.281 1.476 0.894 0.790
0.01471 0.00000 9.87506 1.1080099344 2.4930157661    1.107  0.872  3.6885  3.316    3 2.590 5.411 4.495 3.400 2.731 2.173 1.364 0.778 0.673
0.01471 0.00000 9.87506 1.1087125540 2.4931318760    1.108  0.913  3.6872  3.270    3 2.487 5.332 4.404 3.303 2.631 2.071 1.257 0.668 0.563
0.01471 0.00000 9.87506 1.1095567942 2.4932711124    1.109  0.967  3.6855  3.210    3 2.354 5.231 4.288 3.179 2.502 1.938 1.118 0.524 0.418
0.01471 0.00000 9.87506 1.1101444960 2.4933679104    1.109  1.007  3.6842  3.165    3 2.252 5.157 4.201 3.084 2.404 1.837 1.012 0.414 0.307
0.01471 0.00000 9.87506 1.1108249426 2.4934797287    1.110  1.058  3.6823  3.106    3 2.125 5.066 4.092 2.966 2.281 1.710 0.878 0.275 0.167
0.01471 0.00000 9.87506 1.1113318205 2.4935631752    1.111  1.100  3.6807  3.059    3 2.021 4.994 4.005 2.871 2.181 1.607 0.769 0.161 0.053
0.01471 0.00000 9.87506 1.1119004488 2.4936563969    1.111  1.150  3.6787  3.000    3 1.894 4.911 3.900 2.755 2.060 1.481 0.636 0.021 -0.088
0.01471 0.00000 9.87506 1.1124243736 2.4937422276    1.112  1.202  3.6764  2.939    3 1.764 4.826 3.793 2.638 1.937 1.353 0.499 -0.122 -0.233
0.01471 0.00000 9.87506 1.1128785610 2.4938166142    1.112  1.252  3.6742  2.881    3 1.640 4.748 3.692 2.527 1.819 1.231 0.368 -0.260 -0.372
0.01471 0.00000 9.87506 1.1132941246 2.4938845634    1.113  1.302  3.6719  2.822    3 1.515 4.670 3.590 2.415 1.701 1.108 0.236 -0.399 -0.512
0.01471 0.00000 9.87506 1.1136788130 2.4939475060    1.113  1.353  3.6695  2.761    3 1.388 4.594 3.489 2.302 1.581 0.983 0.102 -0.541 -0.655
0.01471 0.00000 9.87506 1.1140139103 2.4940023422    1.113  1.401  3.6670  2.704    3 1.268 4.525 3.395 2.197 1.469 0.865 -0.025 -0.675 -0.792
0.01471 0.00000 9.87506 1.1143354177 2.4940547943    1.114  1.451  3.6645  2.644    3 1.143 4.456 3.299 2.089 1.353 0.743 -0.157 -0.815 -0.933
0.01471 0.00000 9.87506 1.1146271229 2.4941022396    1.114  1.498  3.6619  2.586    3 1.024 4.390 3.207 1.985 1.242 0.627 -0.284 -0.949 -1.069
0.01471 0.00000 9.87506 1.1149135828 2.4941489697    1.114  1.545  3.6594  2.530    3 0.909 4.329 3.119 1.886 1.136 0.514 -0.406 -1.079 -1.201
0.01471 0.00000 9.87506 1.1152865887 2.4942097664    1.115  1.587  3.6572  2.478    3 0.802 4.280 3.041 1.794 1.037 0.410 -0.519 -1.199 -1.323
0.01471 0.00000 9.87506 1.1155093908 2.4942460060    1.115  1.555  3.6594  2.520    3 0.883 4.304 3.094 1.860 1.110 0.489 -0.432 -1.105 -1.227
0.01471 0.00000 9.87506 1.1156537533 2.4942696095    1.115  1.519  3.6617  2.565    3 0.971 4.341 3.157 1.933 1.190 0.575 -0.337 -1.003 -1.123
0.01471 0.00000 9.87506 1.1156853437 2.4942748547    1.115  1.511  3.6623  2.576    3 0.993 4.351 3.172 1.951 1.210 0.596 -0.313 -0.978 -1.097
0.01471 0.00000 9.87506 1.1157709360 2.4942886829    1.115  1.528  3.6613  2.555    3 0.950 4.329 3.140 1.915 1.171 0.554 -0.359 -1.026 -1.146
0.01471 0.00000 9.87506 1.1159976721 2.4943256378    1.115  1.576  3.6586  2.496    3 0.830 4.270 3.051 1.812 1.060 0.437 -0.487 -1.163 -1.285
0.01471 0.00000 9.87506 1.1162211895 2.4943618774    1.116  1.624  3.6558  2.437    3 0.710 4.231 2.969 1.712 0.950 0.320 -0.614 -1.298 -1.422
0.01471 0.00000 9.87506 1.1164289713 2.4943957329    1.116  1.671  3.6530  2.379    3 0.592 4.195 2.889 1.614 0.841 0.205 -0.741 -1.433 -1.559
0.01471 0.00000 9.87506 1.1166166067 2.4944262505    1.116  1.717  3.6503  2.322    3 0.477 4.161 2.812 1.519 0.736 0.092 -0.864 -1.564 -1.692
0.01471 0.00000 9.87506 1.1167894602 2.4944541454    1.116  1.763  3.6474  2.265    3 0.363 4.133 2.739 1.426 0.633 -0.019 -0.986 -1.695 -1.825
0.01471 0.00000 9.87506 1.1169514656 2.4944806099    1.116  1.810  3.6445  2.206    3 0.246 4.105 2.664 1.332 0.528 -0.132 -1.111 -1.829 -1.960
0.01471 0.00000 9.87506 1.1170953512 2.4945039749    1.116  1.855  3.6417  2.150    3 0.133 4.081 2.594 1.243 0.427 -0.240 -1.231 -1.957 -2.091
0.01471 0.00000 9.87506 1.1172297001 2.4945256710    1.117  1.900  3.6388  2.093    3 0.020 4.058 2.524 1.154 0.327 -0.349 -1.353 -2.087 -2.223
0.01471 0.00000 9.87506 1.1173518896 2.4945454597    1.117  1.944  3.6359  2.037    3 -0.091 4.040 2.458 1.068 0.230 -0.456 -1.471 -2.215 -2.354
0.01471 0.00000 9.87506 1.1174638271 2.4945635796    1.117  1.989  3.6329  1.981    3 -0.203 4.013 2.392 0.982 0.133 -0.562 -1.590 -2.341 -2.483
0.01471 0.00000 9.87506 1.1175665855 2.4945802689    1.117  2.033  3.6299  1.924    3 -0.314 3.966 2.327 0.893 0.037 -0.666 -1.707 -2.462 -2.609
0.01471 0.00000 9.87506 1.1176596880 2.4945952892    1.117  2.077  3.6269  1.869    3 -0.423 3.919 2.264 0.809 -0.054 -0.767 -1.821 -2.581 -2.733
0.01471 0.00000 9.87506 1.1177457571 2.4946093559    1.117  2.121  3.6239  1.813    3 -0.532 3.870 2.201 0.724 -0.146 -0.868 -1.936 -2.700 -2.857
0.01471 0.00000 9.87506 1.1178239584 2.4946219921    1.117  2.164  3.6208  1.758    3 -0.640 3.820 2.137 0.641 -0.236 -0.967 -2.048 -2.817 -2.980
0.01471 0.00000 9.87506 1.1178958416 2.4946336746    1.117  2.207  3.6178  1.703    3 -0.746 3.768 2.075 0.560 -0.323 -1.065 -2.160 -2.933 -3.102
0.01471 0.00000 9.87506 1.1179631948 2.4946446419    1.117  2.250  3.6147  1.647    3 -0.854 3.715 2.013 0.479 -0.411 -1.163 -2.273 -3.050 -3.226
0.01471 0.00000 9.87506 1.1180231571 2.4946541786    1.117  2.291  3.6116  1.593    3 -0.958 3.665 1.953 0.403 -0.495 -1.257 -2.381 -3.164 -3.346
0.01471 0.00000 9.87506 1.1180804968 2.4946634769    1.117  2.334  3.6084  1.538    3 -1.065 3.612 1.891 0.325 -0.580 -1.353 -2.493 -3.280 -3.470
0.01471 0.00000 9.87506 1.1181312799 2.4946718216    1.117  2.375  3.6053  1.485    3 -1.167 3.574 1.837 0.256 -0.659 -1.445 -2.600 -3.394 -3.590
0.01471 0.00000 9.87506 1.1181782484 2.4946794510    1.117  2.416  3.6021  1.431    3 -1.269 3.574 1.791 0.192 -0.736 -1.538 -2.709 -3.511 -3.712
0.01471 0.00000 9.87506 1.1182228327 2.4946866035    1.118  2.457  3.5989  1.377    3 -1.373 3.573 1.746 0.129 -0.814 -1.633 -2.820 -3.631 -3.837
0.01471 0.00000 9.87506 1.1182625294 2.4946930408    1.118  2.497  3.5957  1.324    3 -1.472 3.570 1.706 0.074 -0.883 -1.723 -2.927 -3.747 -3.957
0.01471 0.00000 9.87506 1.1182996035 2.4946990013    1.118  2.537  3.5925  1.272    3 -1.572 3.568 1.666 0.020 -0.952 -1.814 -3.035 -3.863 -4.078
0.01471 0.00000 9.87506 1.1183341742 2.4947047234    1.118  2.577  3.5892  1.219    3 -1.672 3.566 1.629 -0.032 -1.019 -1.904 -3.142 -3.979 -4.199
0.01471 0.00000 9.87506 1.1183646917 2.4947094917    1.118  2.614  3.5860  1.168    3 -1.766 3.563 1.599 -0.073 -1.076 -1.988 -3.245 -4.090 -4.315
0.01471 0.00000 9.87506 1.1183938980 2.4947142601    1.118  2.653  3.5827  1.116    3 -1.862 3.562 1.570 -0.114 -1.134 -2.074 -3.348 -4.202 -4.432
0.01471 0.00000 9.87506 1.1184213161 2.4947187901    1.118  2.691  3.5793  1.064    3 -1.958 3.560 1.543 -0.153 -1.190 -2.159 -3.453 -4.315 -4.551
0.01471 0.00000 9.87506 1.1184458733 2.4947226048    1.118  2.728  3.5760  1.015    3 -2.049 3.556 1.526 -0.175 -1.231 -2.237 -3.553 -4.423 -4.663
0.01471 0.00000 9.87506 1.1184744835 2.4947273731    1.118  2.773  3.5718  0.952    3 -2.163 3.557 1.511 -0.199 -1.281 -2.335 -3.678 -4.558 -4.805
0.01471 0.00000 9.87506 1.1185007095 2.4947316647    1.118  2.818  3.5676  0.891    3 -2.275 3.557 1.506 -0.206 -1.319 -2.427 -3.802 -4.691 -4.945
0.01471 0.00000 9.87506 1.1185245514 2.4947354794    1.118  2.862  3.5633  0.830    3 -2.384 3.556 1.510 -0.202 -1.347 -2.516 -3.925 -4.822 -5.083
0.01471 0.00000 9.87506 1.1185467243 2.4947390556    1.118  2.905  3.5590  0.769    3 -2.493 3.555 1.520 -0.189 -1.370 -2.602 -4.047 -4.953 -5.220
0.01471 0.00000 9.87506 1.1185671091 2.4947423935    1.118  2.948  3.5547  0.709    3 -2.600 3.553 1.548 -0.154 -1.378 -2.679 -4.166 -5.081 -5.355
0.01471 0.00000 9.87506 1.1185855865 2.4947452545    1.118  2.989  3.5504  0.651    3 -2.702 3.552 1.578 -0.115 -1.382 -2.753 -4.281 -5.204 -5.486
0.01471 0.00000 9.87506 1.1186031103 2.4947481155    1.118  3.030  3.5460  0.592    3 -2.805 3.550 1.631 -0.045 -1.367 -2.814 -4.398 -5.329 -5.618
0.01471 0.00000 9.87506 1.1186190844 2.4947507381    1.118  3.070  3.5416  0.535    3 -2.905 3.551 1.689 0.030 -1.348 -2.871 -4.512 -5.450 -5.746
0.01471 0.00000 9.87506 1.1186337471 2.4947531223    1.118  3.109  3.5373  0.478    3 -3.003 3.551 1.764 0.127 -1.316 -2.916 -4.624 -5.568 -5.873
0.01471 0.00000 9.87506 1.1186475754 2.4947552681    1.118  3.148  3.5329  0.422    3 -3.099 3.553 1.856 0.243 -1.274 -2.952 -4.736 -5.685 -5.998
0.01471 0.00000 9.87506 1.1186604500 2.4947574139    1.118  3.186  3.5284  0.367    3 -3.194 3.555 1.959 0.371 -1.223 -2.977 -4.846 -5.801 -6.122
0.01471 0.00000 9.87506 1.1186722517 2.4947593212    1.118  3.222  3.5240  0.312    3 -3.285 3.558 2.085 0.528 -1.156 -2.980 -4.953 -5.912 -6.242
0.01471 0.00000 9.87506 1.1186833382 2.4947612286    1.118  3.258  3.5196  0.259    3 -3.375 3.564 2.221 0.695 -1.082 -2.976 -5.059 -6.022 -6.362
0.01471 0.00000 9.87506 1.1186937094 2.4947628975    1.118  3.293  3.5152  0.206    3 -3.463 3.570 2.388 0.909 -0.979 -2.935 -5.161 -6.129 -6.478
0.01471 0.00000 9.87506 1.1187033653 2.4947643280    1.118  3.328  3.5108  0.154    3 -3.549 3.579 2.558 1.126 -0.873 -2.892 -5.261 -6.233 -6.592
0.01471 0.00000 9.87506 1.1187126637 2.4947657585    1.118  3.361  3.5064  0.103    3 -3.633 3.578 2.694 1.301 -0.789 -2.855 -5.360 -6.336 -6.702
0.01471 0.00000 9.87506 1.1187241077 2.4947676659    1.118  3.401  3.5013  0.043    3 -3.732 3.579 2.862 1.514 -0.684 -2.803 -5.474 -6.456 -6.832
0.01471 0.00000 9.87506 1.1187241077 2.4947676659    1.118  1.711  3.6701  2.408    4 0.491 3.689 2.590 1.392 0.682 0.086 -0.795 -1.430 -1.545
0.01471 0.00000 9.87506 1.1188492775 2.4947879314    1.118  1.721  3.6693  2.394    4 0.466 3.685 2.575 1.372 0.659 0.061 -0.822 -1.460 -1.576
0.01471 0.00000 9.87506 1.1189775467 2.4948086739    1.118  1.726  3.6691  2.389    4 0.455 3.681 2.567 1.363 0.649 0.050 -0.834 -1.473 -1.588
0.01471 0.00000 9.87506 1.1191097498 2.4948301315    1.118  1.726  3.6693  2.390    4 0.456 3.676 2.565 1.362 0.649 0.051 -0.833 -1.471 -1.586
0.01471 0.00000 9.87506 1.1192409992 2.4948513508    1.119  1.724  3.6697  2.394    4 0.460 3.670 2.564 1.363 0.652 0.055 -0.828 -1.464 -1.579
0.01471 0.00000 9.87506 1.1193726063 2.4948725700    1.119  1.722  3.6702  2.398    4 0.465 3.664 2.564 1.366 0.656 0.060 -0.821 -1.456 -1.571
0.01471 0.00000 9.87506 1.1195067167 2.4948942661    1.119  1.720  3.6706  2.402    4 0.471 3.659 2.565 1.369 0.660 0.065 -0.814 -1.448 -1.562
0.01471 0.00000 9.87506 1.1196402311 2.4949157238    1.119  1.717  3.6711  2.406    4 0.476 3.654 2.566 1.372 0.664 0.070 -0.807 -1.439 -1.554
0.01471 0.00000 9.87506 1.1197696924 2.4949367046    1.119  1.715  3.6715  2.409    4 0.481 3.649 2.566 1.374 0.668 0.075 -0.801 -1.432 -1.546
0.01471 0.00000 9.87506 1.1198977232 2.4949572086    1.119  1.714  3.6718  2.413    4 0.486 3.645 2.566 1.376 0.672 0.079 -0.795 -1.425 -1.539
0.01471 0.00000 9.87506 1.1200360060 2.4949796200    1.119  1.712  3.6722  2.416    4 0.490 3.640 2.566 1.378 0.675 0.083 -0.790 -1.419 -1.533
0.01471 0.00000 9.87506 1.1201622486 2.4949998856    1.119  1.711  3.6725  2.418    4 0.493 3.636 2.566 1.379 0.677 0.086 -0.786 -1.414 -1.528
0.01471 0.00000 9.87506 1.1203061342 2.4950232506    1.120  1.710  3.6728  2.421    4 0.496 3.631 2.565 1.380 0.679 0.088 -0.782 -1.409 -1.523
0.01471 0.00000 9.87506 1.1204466820 2.4950459003    1.120  1.709  3.6731  2.423    4 0.498 3.627 2.564 1.381 0.681 0.091 -0.779 -1.405 -1.519
0.01471 0.00000 9.87506 1.1205203533 2.4950575829    1.120  1.708  3.6733  2.424    4 0.499 3.625 2.564 1.381 0.681 0.091 -0.778 -1.403 -1.517
0.01471 0.00000 9.87506 1.1205784082 2.4950671196    1.120  1.708  3.6734  2.424    4 0.500 3.623 2.563 1.381 0.682 0.092 -0.777 -1.402 -1.515
0.01471 0.00000 9.87506 1.1207084656 2.4950881004    1.120  1.708  3.6736  2.426    4 0.501 3.619 2.562 1.381 0.682 0.093 -0.775 -1.400 -1.513
0.01471 0.00000 9.87506 1.1208356619 2.4951083660    1.120  1.707  3.6737  2.427    4 0.502 3.616 2.561 1.381 0.683 0.094 -0.774 -1.398 -1.511
0.01471 0.00000 9.87506 1.1209671497 2.4951295853    1.120  1.707  3.6739  2.428    4 0.502 3.613 2.560 1.380 0.682 0.094 -0.773 -1.397 -1.510
0.01471 0.00000 9.87506 1.1210917234 2.4951496124    1.120  1.708  3.6740  2.428    4 0.501 3.610 2.558 1.379 0.681 0.093 -0.774 -1.397 -1.510
0.01471 0.00000 9.87506 1.1212220192 2.4951705933    1.120  1.708  3.6741  2.427    4 0.499 3.607 2.556 1.377 0.679 0.091 -0.775 -1.398 -1.511
0.01471 0.00000 9.87506 1.1213518381 2.4951915741    1.121  1.709  3.6741  2.427    4 0.497 3.604 2.553 1.374 0.677 0.089 -0.777 -1.400 -1.513
0.01471 0.00000 9.87506 1.1214468479 2.4952068329    1.121  1.710  3.6741  2.426    4 0.495 3.602 2.551 1.372 0.675 0.087 -0.780 -1.403 -1.516
0.01471 0.00000 9.87506 1.1215034723 2.4952158928    1.121  1.711  3.6740  2.425    4 0.493 3.601 2.549 1.370 0.673 0.085 -0.781 -1.405 -1.517
0.01471 0.00000 9.87506 1.1216310263 2.4952363968    1.121  1.713  3.6740  2.423    4 0.488 3.599 2.546 1.366 0.668 0.080 -0.786 -1.410 -1.523
0.01471 0.00000 9.87506 1.1217530966 2.4952559471    1.121  1.715  3.6738  2.420    4 0.482 3.597 2.542 1.361 0.663 0.074 -0.793 -1.417 -1.529
0.01471 0.00000 9.87506 1.1218757629 2.4952757359    1.121  1.718  3.6736  2.416    4 0.475 3.595 2.537 1.355 0.656 0.067 -0.801 -1.425 -1.538
0.01471 0.00000 9.87506 1.1219983101 2.4952955246    1.121  1.722  3.6733  2.411    4 0.466 3.594 2.531 1.348 0.648 0.058 -0.811 -1.436 -1.549
0.01471 0.00000 9.87506 1.1221201420 2.4953150749    1.121  1.726  3.6729  2.406    4 0.455 3.592 2.525 1.339 0.638 0.047 -0.823 -1.449 -1.563
0.01471 0.00000 9.87506 1.1222403049 2.4953343868    1.122  1.731  3.6725  2.398    4 0.442 3.590 2.517 1.328 0.626 0.034 -0.838 -1.465 -1.579
0.01471 0.00000 9.87506 1.1223596334 2.4953534603    1.122  1.737  3.6720  2.391    4 0.427 3.589 2.508 1.317 0.613 0.020 -0.854 -1.483 -1.597
0.01471 0.00000 9.87506 1.1224802732 2.4953727722    1.122  1.744  3.6713  2.381    4 0.410 3.587 2.498 1.303 0.597 0.003 -0.873 -1.504 -1.618
0.01471 0.00000 9.87506 1.1226028204 2.4953925610    1.122  1.753  3.6705  2.369    4 0.388 3.587 2.486 1.286 0.577 -0.018 -0.898 -1.531 -1.646
0.01471 0.00000 9.87506 1.1227155924 2.4954106808    1.122  1.752  3.6707  2.370    4 0.390 3.585 2.486 1.287 0.578 -0.017 -0.896 -1.529 -1.643
0.01471 0.00000 9.87506 1.1228380203 2.4954302311    1.122  1.773  3.6687  2.342    4 0.337 3.584 2.457 1.247 0.531 -0.068 -0.955 -1.593 -1.709
0.01471 0.00000 9.87506 1.1229566336 2.4954493046    1.122  1.809  3.6654  2.293    4 0.249 3.581 2.409 1.179 0.453 -0.154 -1.053 -1.701 -1.819
0.01471 0.00000 9.87506 1.1230198145 2.4954593182    1.122  1.846  3.6620  2.243    4 0.156 3.579 2.359 1.109 0.370 -0.244 -1.156 -1.814 -1.934
0.01471 0.00000 9.87506 1.1230540276 2.4954648018    1.122  1.884  3.6586  2.190    4 0.059 3.577 2.306 1.035 0.285 -0.338 -1.263 -1.932 -2.054
0.01471 0.00000 9.87506 1.1230722666 2.4954679012    1.122  1.923  3.6551  2.137    4 -0.038 3.577 2.255 0.963 0.200 -0.431 -1.370 -2.049 -2.173
0.01471 0.00000 9.87506 1.1230818033 2.4954693317    1.122  1.961  3.6517  2.086    4 -0.133 3.578 2.205 0.892 0.116 -0.522 -1.475 -2.164 -2.291
0.01471 0.00000 9.87506 1.1230870485 2.4954700470    1.122  2.000  3.6484  2.034    4 -0.229 3.580 2.155 0.822 0.033 -0.614 -1.580 -2.280 -2.409
0.01471 0.00000 9.87506 1.1230902672 2.4954707623    1.122  2.037  3.6452  1.984    4 -0.322 3.576 2.109 0.754 -0.046 -0.702 -1.681 -2.389 -2.522
0.01471 0.00000 9.87506 1.1230924129 2.4954710007    1.122  2.072  3.6422  1.937    4 -0.409 3.558 2.065 0.688 -0.121 -0.783 -1.775 -2.488 -2.625
0.01471 0.00000 9.87506 1.1230925322 2.4954710007    1.122  2.074  3.6420  1.935    7 -0.414 3.557 2.063 0.685 -0.125 -0.788 -1.780 -2.494 -2.630
0.01471 0.00000 9.87506 1.1230936050 2.4954712391    1.122  2.094  3.6403  1.907    7 -0.466 3.544 2.036 0.645 -0.169 -0.836 -1.836 -2.552 -2.691
0.01471 0.00000 9.87506 1.1230956316 2.4954714775    1.122  2.136  3.6367  1.851    7 -0.570 3.519 1.984 0.568 -0.256 -0.933 -1.948 -2.670 -2.815
0.01471 0.00000 9.87506 1.1230975389 2.4954719543    1.122  2.170  3.6339  1.806    7 -0.654 3.496 1.941 0.506 -0.326 -1.010 -2.037 -2.764 -2.914
0.01471 0.00000 9.87506 1.1230994463 2.4954721928    1.122  2.198  3.6315  1.769    7 -0.724 3.476 1.905 0.453 -0.384 -1.075 -2.111 -2.843 -2.996
0.01471 0.00000 9.87506 1.1231044531 2.4954729080    1.122  2.202  3.6312  1.763    7 -0.734 3.472 1.898 0.445 -0.393 -1.084 -2.122 -2.854 -3.008
0.01471 0.00000 9.87506 1.1231085062 2.4954736233    1.122  2.168  3.6341  1.809    7 -0.649 3.495 1.942 0.508 -0.322 -1.006 -2.032 -2.758 -2.907
0.01471 0.00000 9.87506 1.1231184006 2.4954752922    1.122  2.134  3.6370  1.854    7 -0.566 3.517 1.985 0.570 -0.253 -0.929 -1.943 -2.665 -2.809
0.01471 0.00000 9.87506 1.1231981516 2.4954879284    1.122  2.128  3.6374  1.862    7 -0.549 3.523 1.994 0.583 -0.239 -0.914 -1.925 -2.647 -2.790
0.01471 0.00000 9.87506 1.1232595444 2.4954977036    1.123  2.168  3.6339  1.808    7 -0.651 3.499 1.944 0.509 -0.323 -1.007 -2.033 -2.761 -2.910
0.01471 0.00000 9.87506 1.1233111620 2.4955060482    1.123  2.211  3.6303  1.750    7 -0.759 3.469 1.888 0.428 -0.413 -1.106 -2.148 -2.882 -3.037
0.01471 0.00000 9.87506 1.1233546734 2.4955129623    1.123  2.254  3.6266  1.692    7 -0.866 3.434 1.833 0.351 -0.499 -1.204 -2.262 -3.002 -3.164
0.01471 0.00000 9.87506 1.1233913898 2.4955189228    1.123  2.297  3.6230  1.636    7 -0.972 3.398 1.778 0.274 -0.584 -1.300 -2.374 -3.121 -3.289
0.01471 0.00000 9.87506 1.1234227419 2.4955239296    1.123  2.339  3.6195  1.580    7 -1.076 3.362 1.722 0.199 -0.668 -1.394 -2.485 -3.237 -3.413
0.01471 0.00000 9.87506 1.1234499216 2.4955282211    1.123  2.380  3.6159  1.524    7 -1.180 3.324 1.669 0.127 -0.749 -1.487 -2.594 -3.353 -3.536
0.01471 0.00000 9.87506 1.1234737635 2.4955320358    1.123  2.421  3.6123  1.468    7 -1.284 3.313 1.621 0.058 -0.829 -1.580 -2.704 -3.472 -3.661
0.01471 0.00000 9.87506 1.1234948635 2.4955353737    1.123  2.462  3.6088  1.413    7 -1.386 3.324 1.578 -0.005 -0.907 -1.674 -2.815 -3.593 -3.787
0.01471 0.00000 9.87506 1.1235140562 2.4955384731    1.123  2.503  3.6052  1.358    7 -1.488 3.333 1.538 -0.064 -0.982 -1.767 -2.925 -3.713 -3.912
0.01471 0.00000 9.87506 1.1235318184 2.4955413342    1.123  2.544  3.6016  1.302    7 -1.591 3.345 1.499 -0.123 -1.056 -1.860 -3.035 -3.834 -4.038
0.01471 0.00000 9.87506 1.1235482693 2.4955439568    1.123  2.585  3.5980  1.247    7 -1.692 3.353 1.462 -0.178 -1.127 -1.951 -3.145 -3.954 -4.163
0.01471 0.00000 9.87506 1.1235640049 2.4955465794    1.123  2.626  3.5943  1.191    7 -1.796 3.360 1.428 -0.229 -1.195 -2.044 -3.257 -4.076 -4.291
0.01471 0.00000 9.87506 1.1235787868 2.4955489635    1.123  2.667  3.5905  1.136    7 -1.897 3.370 1.396 -0.278 -1.261 -2.134 -3.367 -4.196 -4.416
0.01471 0.00000 9.87506 1.1235926151 2.4955511093    1.123  2.708  3.5867  1.079    7 -1.999 3.376 1.369 -0.318 -1.321 -2.225 -3.478 -4.318 -4.544
0.01471 0.00000 9.87506 1.1236057281 2.4955532551    1.123  2.747  3.5830  1.025    7 -2.098 3.383 1.345 -0.356 -1.377 -2.311 -3.586 -4.435 -4.667
0.01471 0.00000 9.87506 1.1236183643 2.4955551624    1.123  2.787  3.5790  0.969    7 -2.198 3.395 1.329 -0.385 -1.427 -2.398 -3.696 -4.555 -4.794
0.01471 0.00000 9.87506 1.1236287355 2.4955568314    1.123  2.828  3.5749  0.912    7 -2.301 3.402 1.321 -0.401 -1.468 -2.485 -3.810 -4.678 -4.923
0.01471 0.00000 9.87506 1.1236355305 2.4955580235    1.123  2.868  3.5709  0.856    7 -2.400 3.411 1.316 -0.414 -1.506 -2.568 -3.919 -4.797 -5.048
0.01471 0.00000 9.87506 1.1236405373 2.4955587387    1.123  2.905  3.5669  0.803    7 -2.493 3.417 1.324 -0.407 -1.528 -2.643 -4.024 -4.911 -5.168
0.01471 0.00000 9.87506 1.1236449480 2.4955594540    1.123  2.943  3.5629  0.749    7 -2.587 3.423 1.337 -0.393 -1.545 -2.717 -4.130 -5.025 -5.288
0.01471 0.00000 9.87506 1.1236490011 2.4955601692    1.123  2.981  3.5587  0.694    7 -2.682 3.429 1.357 -0.369 -1.556 -2.790 -4.237 -5.141 -5.411
0.01471 0.00000 9.87506 1.1236528158 2.4955608845    1.123  3.019  3.5545  0.639    7 -2.778 3.433 1.393 -0.324 -1.553 -2.857 -4.346 -5.258 -5.535
0.01471 0.00000 9.87506 1.1236566305 2.4955613613    1.123  3.060  3.5498  0.580    7 -2.880 3.439 1.436 -0.270 -1.547 -2.926 -4.461 -5.383 -5.667
0.01471 0.00000 9.87506 1.1236600876 2.4955618382    1.123  3.097  3.5455  0.526    7 -2.972 3.444 1.499 -0.190 -1.521 -2.976 -4.567 -5.496 -5.788
0.01471 0.00000 9.87506 1.1236640215 2.4955625534    1.123  3.136  3.5408  0.468    7 -3.070 3.451 1.573 -0.097 -1.490 -3.029 -4.680 -5.617 -5.917
0.01471 0.00000 9.87506 1.1236683130 2.4955632687    1.123  3.174  3.5362  0.411    7 -3.164 3.458 1.670 0.025 -1.442 -3.064 -4.791 -5.734 -6.043
0.01471 0.00000 9.87506 1.1236727238 2.4955639839    1.123  3.210  3.5317  0.358    7 -3.254 3.464 1.767 0.147 -1.393 -3.093 -4.896 -5.844 -6.161
0.01471 0.00000 9.87506 1.1236755848 2.4955644608    1.123  3.216  3.5310  0.349    7 -3.270 3.465 1.782 0.166 -1.386 -3.099 -4.914 -5.864 -6.182
0.01471 0.00000 9.87506 1.1236757040 2.4955644608    1.123  3.210  3.5318  0.358    7 -3.254 3.463 1.764 0.143 -1.395 -3.095 -4.896 -5.845 -6.161
0.01471 0.00000 9.87506 1.1236760616 2.4955644608    1.123  3.215  3.5311  0.349    7 -3.268 3.465 1.781 0.165 -1.386 -3.099 -4.913 -5.862 -6.180
0.01471 0.00000 9.87506 1.1236763000 2.4955644608    1.123  3.225  3.5298  0.335    7 -3.292 3.467 1.810 0.201 -1.371 -3.105 -4.941 -5.892 -6.212
0.01471 0.00000 9.87506 1.1236765385 2.4955646992    1.123  3.236  3.5283  0.317    7 -3.321 3.470 1.856 0.258 -1.345 -3.103 -4.975 -5.928 -6.251
0.01471 0.00000 9.87506 1.1236768961 2.4955646992    1.123  3.256  3.5258  0.288    7 -3.369 3.475 1.933 0.352 -1.302 -3.100 -5.032 -5.987 -6.315
0.01471 0.00000 9.87506 1.1236772537 2.4955646992    1.123  3.285  3.5218  0.243    7 -3.442 3.486 2.058 0.505 -1.231 -3.092 -5.119 -6.078 -6.415
0.01471 0.00000 9.87506 1.1236778498 2.4955646992    1.123  3.320  3.5171  0.189    7 -3.529 3.499 2.232 0.723 -1.124 -3.056 -5.221 -6.186 -6.532
0.01471 0.00000 9.87506 1.1236786842 2.4955649376    1.123  3.347  3.5132  0.146    7 -3.597 3.510 2.384 0.916 -1.026 -3.012 -5.302 -6.270 -6.625
#isochrone terminated
