# File generated by CMD 3.3 (http://stev.oapd.inaf.it/cmd) on Tue Dec 10 23:56:50 CET 2019
# isochrones based on PARSEC release v1.2S
# Basic references: Bressan et al. (2012), MNRAS, 427, 127 + Chen et al. (2014, 2015), MNRAS, 444, 2525 + MNRAS, 452, 1068 + Tang et al. (2014), MNRAS, 445, 4287
# On RGB, assumed Reimers mass loss with efficiency eta=0.2
# Photometric system: <i>UBVRIJHK</i> (cf. Maiz-Apellaniz 2006 + Bessell 1990)
# Attention: photometry includes extinction of Av=0.3, with coefficients derived star-by-star, for Cardelli et al 89 + O'Donnell 94 Rv=3.1 extinction curve.
# Using YBC version of bolometric corrections as in Chen et al. (2019)
# O-rich circumstellar dpmod60alox40 dust from Groenewegen (2006)
# C-rich circumstellar AMCSIC15 dust from Groenewegen (2006)
# IMF: Kroupa (2001, 2002) + Kroupa et al. (2013) canonical two-part-power law IMF corrected for unresolved binaries 
# Kind of output: isochrone tables
# Zini     MH   logAge Mini        int_IMF         Mass   logL    logTe  logg  label 	 mbolmag  Umag    Bmag    Vmag    Rmag    Imag    Jmag    Hmag    Kmag
0.017873 0.09000 9.39794 0.0900000036 1.0816895962    0.090 -3.432  3.3575  5.206    0 13.350 22.919 20.310 18.431 16.233 13.966 11.358 10.719 10.400
0.017873 0.09000 9.39794 0.0955582857 1.1328942776    0.096 -3.332  3.3714  5.188    0 13.100 22.633 20.045 18.172 15.980 13.716 11.108 10.470 10.150
0.017873 0.09000 9.39794 0.1000000015 1.1711064577    0.100 -3.256  3.3819  5.174    0 12.910 22.416 19.844 17.974 15.787 13.526 10.918 10.281 9.959
0.017873 0.09000 9.39794 0.1200000048 1.3193155527    0.120 -3.000  3.4146  5.128    1 12.271 21.691 19.168 17.312 15.141 12.887 10.281 9.645 9.318
0.017873 0.09000 9.39794 0.1300523877 1.3821759224    0.130 -2.903  3.4259  5.110    0 12.027 20.939 18.582 16.761 14.700 12.520 10.057 9.421 9.093
0.017873 0.09000 9.39794 0.1400000006 1.4384527206    0.140 -2.813  3.4362  5.094    0 11.803 20.160 17.971 16.194 14.255 12.159 9.857 9.220 8.893
0.017873 0.09000 9.39794 0.1599999964 1.5372931957    0.160 -2.671  3.4501  5.066    1 11.448 19.127 17.133 15.415 13.625 11.638 9.534 8.896 8.572
0.017873 0.09000 9.39794 0.2000000030 1.6938791275    0.200 -2.456  3.4689  5.023    1 10.911 17.772 16.004 14.342 12.739 10.913 9.041 8.401 8.086
0.017873 0.09000 9.39794 0.2500000000 1.8403258324    0.250 -2.253  3.4854  4.982    0 10.402 16.661 15.043 13.420 11.955 10.272 8.571 7.929 7.626
0.017873 0.09000 9.39794 0.3000000119 1.9529139996    0.300 -2.093  3.4970  4.948    1 10.003 15.900 14.365 12.769 11.387 9.799 8.201 7.554 7.262
0.017873 0.09000 9.39794 0.3423470259 2.0306932926    0.342 -1.956  3.5045  4.899    0 9.660 15.339 13.857 12.286 10.953 9.418 7.875 7.224 6.939
0.017873 0.09000 9.39794 0.3500000238 2.0434176922    0.350 -1.935  3.5060  4.893    0 9.608 15.248 13.774 12.207 10.883 9.358 7.826 7.175 6.891
0.017873 0.09000 9.39794 0.3589147627 2.0577912331    0.359 -1.907  3.5080  4.885    0 9.539 15.125 13.663 12.102 10.790 9.278 7.761 7.109 6.827
0.017873 0.09000 9.39794 0.3682574332 2.0723652840    0.368 -1.880  3.5102  4.877    0 9.469 15.001 13.549 11.994 10.695 9.198 7.697 7.043 6.763
0.017873 0.09000 9.39794 0.4000000358 2.1185026169    0.400 -1.793  3.5173  4.854    0 9.252 14.623 13.198 11.657 10.396 8.949 7.497 6.838 6.564
0.017873 0.09000 9.39794 0.4499999881 2.1822810173    0.450 -1.645  3.5293  4.805    1 8.883 14.015 12.622 11.110 9.907 8.535 7.158 6.488 6.224
0.017873 0.09000 9.39794 0.5000000000 2.2374541759    0.500 -1.494  3.5432  4.756    1 8.505 13.416 12.034 10.549 9.404 8.114 6.814 6.132 5.880
0.017873 0.09000 9.39794 0.5026826262 2.2402026653    0.503 -1.485  3.5442  4.753    1 8.483 13.380 11.998 10.514 9.373 8.089 6.795 6.112 5.860
0.017873 0.09000 9.39794 0.5500000119 2.2836582661    0.550 -1.334  3.5611  4.709    1 8.105 12.790 11.391 9.924 8.843 7.668 6.463 5.765 5.529
0.017873 0.09000 9.39794 0.6000000238 2.3211214542    0.600 -1.173  3.5835  4.675    1 7.702 12.152 10.709 9.257 8.240 7.221 6.121 5.406 5.196
0.017873 0.09000 9.39794 0.6499999762 2.3520355225    0.650 -1.010  3.6104  4.655    1 7.296 11.490 9.990 8.588 7.637 6.783 5.781 5.057 4.887
0.017873 0.09000 9.39794 0.6694127321 2.3626165390    0.669 -0.948  3.6216  4.650    1 7.141 11.212 9.700 8.331 7.408 6.618 5.652 4.934 4.780
0.017873 0.09000 9.39794 0.7000000477 2.3779268265    0.700 -0.854  3.6388  4.644    1 6.904 10.736 9.244 7.940 7.065 6.371 5.459 4.757 4.628
0.017873 0.09000 9.39794 0.7389213443 2.3953170776    0.739 -0.734  3.6624  4.643    1 6.606 9.944 8.631 7.438 6.646 6.056 5.228 4.586 4.478
0.017873 0.09000 9.39794 0.7500000000 2.3998889923    0.750 -0.701  3.6689  4.642    1 6.523 9.716 8.467 7.305 6.539 5.970 5.165 4.543 4.439
0.017873 0.09000 9.39794 0.7992638946 2.4184668064    0.799 -0.569  3.6891  4.617    1 6.191 8.938 7.901 6.835 6.148 5.630 4.897 4.341 4.246
0.017873 0.09000 9.39794 0.8412859440 2.4323523045    0.841 -0.459  3.7056  4.596    1 5.917 8.326 7.463 6.469 5.841 5.358 4.680 4.173 4.086
0.017873 0.09000 9.39794 0.8485277891 2.4345860481    0.848 -0.441  3.7084  4.593    1 5.871 8.226 7.392 6.409 5.791 5.312 4.643 4.145 4.058
0.017873 0.09000 9.39794 0.8584411740 2.4375736713    0.858 -0.415  3.7120  4.587    1 5.808 8.094 7.297 6.328 5.722 5.250 4.594 4.106 4.021
0.017873 0.09000 9.39794 0.8977917433 2.4486880302    0.897 -0.318  3.7261  4.565    1 5.564 7.596 6.938 6.024 5.461 5.013 4.401 3.951 3.872
0.017873 0.09000 9.39794 0.9130152464 2.4526934624    0.912 -0.280  3.7311  4.555    1 5.471 7.416 6.807 5.912 5.363 4.924 4.327 3.890 3.813
0.017873 0.09000 9.39794 0.9470555782 2.4611163139    0.947 -0.198  3.7421  4.533    1 5.266 7.027 6.520 5.670 5.152 4.731 4.168 3.758 3.686
0.017873 0.09000 9.39794 0.9769814610 2.4679663181    0.977 -0.127  3.7509  4.511    1 5.089 6.694 6.280 5.467 4.976 4.568 4.030 3.640 3.573
0.017873 0.09000 9.39794 0.9963194728 2.4721417427    0.996 -0.082  3.7564  4.496    1 4.975 6.494 6.132 5.340 4.864 4.465 3.942 3.564 3.499
0.017873 0.09000 9.39794 1.0065275431 2.4742717743    1.006 -0.058  3.7591  4.488    1 4.916 6.392 6.054 5.274 4.805 4.410 3.894 3.523 3.459
0.017873 0.09000 9.39794 1.0331630707 2.4796020985    1.033  0.003  3.7660  4.465    1 4.762 6.139 5.857 5.106 4.655 4.271 3.773 3.417 3.357
0.017873 0.09000 9.39794 1.0455833673 2.4819812775    1.045  0.032  3.7691  4.454    1 4.691 6.025 5.766 5.029 4.586 4.207 3.717 3.367 3.309
0.017873 0.09000 9.39794 1.0587781668 2.4844384193    1.058  0.062  3.7722  4.442    1 4.616 5.907 5.672 4.948 4.513 4.139 3.658 3.314 3.257
0.017873 0.09000 9.39794 1.0837633610 2.4889035225    1.083  0.118  3.7779  4.418    1 4.475 5.692 5.495 4.797 4.376 4.011 3.545 3.214 3.160
0.017873 0.09000 9.39794 1.0948473215 2.4908092022    1.094  0.143  3.7803  4.407    1 4.412 5.599 5.419 4.730 4.316 3.955 3.495 3.170 3.116
0.017873 0.09000 9.39794 1.1112701893 2.4935529232    1.110  0.179  3.7837  4.391    1 4.321 5.471 5.309 4.635 4.228 3.873 3.421 3.103 3.050
0.017873 0.09000 9.39794 1.1343898773 2.4972610474    1.134  0.230  3.7882  4.367    1 4.194 5.295 5.156 4.502 4.106 3.758 3.317 3.008 2.957
0.017873 0.09000 9.39794 1.1441111565 2.4987688065    1.143  0.252  3.7901  4.357    1 4.141 5.222 5.092 4.447 4.055 3.710 3.273 2.968 2.918
0.017873 0.09000 9.39794 1.1588149071 2.5009942055    1.158  0.283  3.7928  4.341    1 4.061 5.117 4.998 4.364 3.979 3.638 3.208 2.908 2.859
0.017873 0.09000 9.39794 1.1813272238 2.5042781830    1.181  0.331  3.7966  4.317    1 3.942 4.961 4.858 4.240 3.864 3.529 3.108 2.816 2.769
0.017873 0.09000 9.39794 1.1933751106 2.5059773922    1.193  0.356  3.7985  4.304    1 3.879 4.881 4.785 4.175 3.803 3.472 3.055 2.767 2.720
0.017873 0.09000 9.39794 1.2147519588 2.5088970661    1.214  0.399  3.8013  4.280    1 3.772 4.750 4.663 4.066 3.700 3.373 2.963 2.680 2.635
0.017873 0.09000 9.39794 1.2426390648 2.5125327110    1.242  0.453  3.8041  4.248    1 3.639 4.594 4.514 3.930 3.571 3.248 2.845 2.568 2.524
0.017873 0.09000 9.39794 1.2907314301 2.5183801651    1.291  0.537  3.8071  4.192    1 3.427 4.360 4.285 3.715 3.363 3.046 2.649 2.379 2.335
0.017873 0.09000 9.39794 1.2919027805 2.5185163021    1.292  0.539  3.8072  4.191    1 3.422 4.355 4.280 3.709 3.358 3.041 2.645 2.374 2.331
0.017873 0.09000 9.39794 1.2948008776 2.5188519955    1.295  0.544  3.8073  4.187    1 3.410 4.342 4.267 3.697 3.346 3.029 2.633 2.362 2.319
0.017873 0.09000 9.39794 1.3350946903 2.5233466625    1.335  0.612  3.8074  4.133    1 3.241 4.174 4.095 3.527 3.176 2.860 2.464 2.195 2.151
0.017873 0.09000 9.39794 1.3411667347 2.5239973068    1.341  0.622  3.8073  4.125    1 3.216 4.150 4.070 3.502 3.151 2.835 2.439 2.169 2.126
0.017873 0.09000 9.39794 1.3414438963 2.5240268707    1.341  0.622  3.8073  4.125    1 3.214 4.149 4.069 3.500 3.150 2.834 2.438 2.168 2.124
0.017873 0.09000 9.39794 1.3879441023 2.5287895203    1.388  0.700  3.8062  4.057    1 3.019 3.964 3.876 3.305 2.952 2.635 2.236 1.965 1.921
0.017873 0.09000 9.39794 1.3904305696 2.5290338993    1.390  0.705  3.8061  4.053    1 3.009 3.955 3.866 3.294 2.942 2.624 2.225 1.954 1.910
0.017873 0.09000 9.39794 1.4215986729 2.5320141315    1.422  0.757  3.8050  4.006    1 2.877 3.834 3.738 3.163 2.809 2.490 2.088 1.816 1.770
0.017873 0.09000 9.39794 1.4396945238 2.5336763859    1.440  0.787  3.8040  3.977    1 2.802 3.768 3.667 3.088 2.732 2.412 2.008 1.733 1.688
0.017873 0.09000 9.39794 1.4526562691 2.5348377228    1.453  0.809  3.8028  3.955    1 2.748 3.724 3.618 3.035 2.676 2.354 1.947 1.671 1.625
0.017873 0.09000 9.39794 1.4858564138 2.5377066135    1.486  0.863  3.7988  3.894    1 2.613 3.624 3.501 2.902 2.535 2.207 1.791 1.507 1.459
0.017873 0.09000 9.39794 1.4889584780 2.5379672050    1.489  0.868  3.7983  3.888    1 2.600 3.615 3.491 2.890 2.522 2.193 1.776 1.491 1.443
0.017873 0.09000 9.39794 1.4962378740 2.5385737419    1.496  0.879  3.7968  3.874    1 2.574 3.603 3.472 2.865 2.494 2.162 1.741 1.454 1.405
0.017873 0.09000 9.39794 1.5149750710 2.5401041508    1.515  0.905  3.7925  3.835    1 2.508 3.577 3.429 2.803 2.423 2.085 1.653 1.357 1.307
0.017873 0.09000 9.39794 1.5328402519 2.5415234566    1.533  0.929  3.7877  3.797    1 2.447 3.562 3.394 2.748 2.358 2.012 1.568 1.263 1.210
0.017873 0.09000 9.39794 1.5382223129 2.5419435501    1.538  0.937  3.7863  3.785    1 2.427 3.555 3.381 2.729 2.336 1.988 1.541 1.232 1.179
0.017873 0.09000 9.39794 1.5489099026 2.5427680016    1.549  0.953  3.7832  3.760    1 2.387 3.546 3.358 2.693 2.293 1.940 1.485 1.171 1.116
0.017873 0.09000 9.39794 1.5565330982 2.5433478355    1.556  0.970  3.7820  3.740    1 2.346 3.518 3.324 2.654 2.251 1.896 1.438 1.121 1.066
0.017873 0.09000 9.39794 1.5596454144 2.5435829163    1.559  0.990  3.7841  3.730    1 2.296 3.448 3.261 2.601 2.203 1.851 1.399 1.086 1.032
0.017873 0.09000 9.39794 1.5637203455 2.5438888073    1.563  1.030  3.7895  3.712    1 2.194 3.294 3.127 2.491 2.106 1.763 1.324 1.024 0.971
0.017873 0.09000 9.39794 1.5646768808 2.5439603329    1.564  1.063  3.7948  3.700    1 2.112 3.165 3.015 2.402 2.029 1.695 1.269 0.980 0.929
0.017873 0.09000 9.39794 1.5650554895 2.5439887047    1.565  1.098  3.8001  3.687    1 2.025 3.033 2.897 2.308 1.947 1.623 1.209 0.931 0.883
0.017873 0.09000 9.39794 1.5652475357 2.5440030098    1.565  1.129  3.8045  3.674    1 1.948 2.924 2.796 2.226 1.875 1.558 1.156 0.887 0.840
0.017873 0.09000 9.39794 1.5653136969 2.5440080166    1.565  1.141  3.8062  3.669    1 1.919 2.882 2.757 2.195 1.848 1.534 1.135 0.870 0.823
0.017873 0.09000 9.39794 1.5653949976 2.5440139771    1.565  1.107  3.8026  3.688    2 2.002 2.992 2.861 2.283 1.927 1.607 1.200 0.927 0.879
0.017873 0.09000 9.39794 1.5654798746 2.5440204144    1.565  1.086  3.7969  3.686    2 2.056 3.092 2.946 2.343 1.974 1.645 1.224 0.939 0.889
0.017873 0.09000 9.39794 1.5656497478 2.5440330505    1.565  1.085  3.7875  3.650    2 2.059 3.179 3.001 2.357 1.968 1.623 1.179 0.874 0.821
0.017873 0.09000 9.39794 1.5659672022 2.5440568924    1.566  1.088  3.7771  3.605    2 2.050 3.277 3.054 2.364 1.952 1.589 1.118 0.791 0.734
0.017873 0.09000 9.39794 1.5665198565 2.5440979004    1.566  1.075  3.7663  3.575    2 2.082 3.432 3.155 2.418 1.980 1.598 1.098 0.746 0.685
0.017873 0.09000 9.39794 1.5671721697 2.5441465378    1.567  1.051  3.7568  3.561    2 2.142 3.607 3.276 2.499 2.039 1.641 1.115 0.740 0.675
0.017873 0.09000 9.39794 1.5677293539 2.5441880226    1.567  1.026  3.7493  3.557    2 2.206 3.768 3.389 2.582 2.103 1.693 1.146 0.753 0.685
0.017873 0.09000 9.39794 1.5682846308 2.5442295074    1.568  0.997  3.7417  3.556    2 2.279 3.949 3.512 2.676 2.179 1.756 1.186 0.773 0.703
0.017873 0.09000 9.39794 1.5688382387 2.5442705154    1.569  0.967  3.7340  3.554    2 2.352 4.133 3.640 2.774 2.258 1.823 1.229 0.796 0.722
0.017873 0.09000 9.39794 1.5694818497 2.5443184376    1.569  0.941  3.7251  3.545    2 2.417 4.331 3.769 2.869 2.332 1.882 1.260 0.803 0.727
0.017873 0.09000 9.39794 1.5703059435 2.5443794727    1.570  0.939  3.7148  3.506    2 2.422 4.498 3.852 2.912 2.350 1.883 1.227 0.742 0.661
0.017873 0.09000 9.39794 1.5710350275 2.5444335938    1.571  0.968  3.7075  3.448    2 2.349 4.551 3.839 2.870 2.288 1.808 1.127 0.621 0.537
0.017873 0.09000 9.39794 1.5715856552 2.5444743633    1.571  1.011  3.7034  3.388    3 2.242 4.516 3.767 2.780 2.188 1.699 1.004 0.488 0.402
0.017873 0.09000 9.39794 1.5720436573 2.5445082188    1.572  1.051  3.7003  3.337    3 2.142 4.470 3.694 2.693 2.093 1.599 0.894 0.369 0.282
0.017873 0.09000 9.39794 1.5725005865 2.5445420742    1.572  1.095  3.6977  3.282    3 2.033 4.412 3.610 2.597 1.990 1.491 0.776 0.243 0.155
0.017873 0.09000 9.39794 1.5729566813 2.5445756912    1.573  1.140  3.6952  3.227    3 1.919 4.346 3.519 2.495 1.881 1.377 0.653 0.113 0.024
0.017873 0.09000 9.39794 1.5734119415 2.5446093082    1.573  1.187  3.6927  3.170    3 1.802 4.275 3.426 2.389 1.769 1.260 0.527 -0.020 -0.110
0.017873 0.09000 9.39794 1.5738662481 2.5446426868    1.574  1.235  3.6903  3.113    3 1.683 4.203 3.330 2.282 1.655 1.142 0.400 -0.154 -0.246
0.017873 0.09000 9.39794 1.5744100809 2.5446829796    1.574  1.292  3.6873  3.044    3 1.540 4.119 3.217 2.154 1.520 1.000 0.247 -0.315 -0.408
0.017873 0.09000 9.39794 1.5749528408 2.5447227955    1.575  1.348  3.6844  2.976    3 1.400 4.036 3.106 2.029 1.387 0.861 0.097 -0.474 -0.568
0.017873 0.09000 9.39794 1.5754066706 2.5447561741    1.575  1.395  3.6819  2.920    3 1.283 3.968 3.014 1.926 1.276 0.745 -0.027 -0.605 -0.701
0.017873 0.09000 9.39794 1.5759016275 2.5447926521    1.576  1.446  3.6792  2.858    3 1.155 3.896 2.914 1.813 1.156 0.619 -0.164 -0.750 -0.847
0.017873 0.09000 9.39794 1.5763220787 2.5448236465    1.576  1.490  3.6767  2.804    3 1.045 3.837 2.829 1.717 1.053 0.511 -0.281 -0.875 -0.974
0.017873 0.09000 9.39794 1.5766892433 2.5448505878    1.576  1.529  3.6745  2.756    3 0.947 3.786 2.755 1.632 0.962 0.415 -0.386 -0.987 -1.087
0.017873 0.09000 9.39794 1.5771003962 2.5448808670    1.577  1.574  3.6719  2.701    3 0.835 3.729 2.671 1.536 0.858 0.305 -0.506 -1.114 -1.216
0.017873 0.09000 9.39794 1.5774646997 2.5449075699    1.577  1.614  3.6694  2.652    3 0.735 3.680 2.596 1.450 0.765 0.207 -0.614 -1.229 -1.333
0.017873 0.09000 9.39794 1.5778585672 2.5449364185    1.577  1.659  3.6667  2.596    3 0.623 3.629 2.515 1.356 0.662 0.098 -0.733 -1.356 -1.462
0.017873 0.09000 9.39794 1.5782315731 2.5449638367    1.578  1.702  3.6640  2.542    3 0.514 3.579 2.436 1.264 0.563 -0.008 -0.849 -1.481 -1.589
0.017873 0.09000 9.39794 1.5785930157 2.5449903011    1.578  1.745  3.6613  2.488    3 0.407 3.534 2.359 1.174 0.464 -0.112 -0.964 -1.605 -1.714
0.017873 0.09000 9.39794 1.5789332390 2.5450150967    1.579  1.784  3.6588  2.440    3 0.311 3.509 2.296 1.095 0.376 -0.206 -1.068 -1.715 -1.826
0.017873 0.09000 9.39794 1.5793192387 2.5450434685    1.579  1.820  3.6565  2.394    3 0.220 3.486 2.238 1.021 0.293 -0.295 -1.166 -1.820 -1.933
0.017873 0.09000 9.39794 1.5798548460 2.5450825691    1.579  1.856  3.6542  2.350    3 0.131 3.464 2.180 0.949 0.212 -0.382 -1.261 -1.922 -2.036
0.017873 0.09000 9.39794 1.5801064968 2.5451009274    1.580  1.838  3.6555  2.373    3 0.176 3.472 2.208 0.984 0.253 -0.338 -1.213 -1.870 -1.983
0.017873 0.09000 9.39794 1.5803723335 2.5451204777    1.580  1.808  3.6575  2.411    3 0.250 3.486 2.254 1.043 0.320 -0.266 -1.133 -1.784 -1.896
0.017873 0.09000 9.39794 1.5805479288 2.5451331139    1.580  1.770  3.6601  2.459    3 0.344 3.506 2.312 1.119 0.405 -0.174 -1.031 -1.674 -1.785
0.017873 0.09000 9.39794 1.5806972980 2.5451440811    1.580  1.730  3.6628  2.510    3 0.446 3.535 2.380 1.203 0.498 -0.075 -0.921 -1.557 -1.665
0.017873 0.09000 9.39794 1.5808606148 2.5451560020    1.580  1.682  3.6660  2.570    3 0.564 3.585 2.463 1.301 0.606 0.040 -0.794 -1.420 -1.526
0.017873 0.09000 9.39794 1.5809940100 2.5451657772    1.581  1.644  3.6685  2.618    3 0.659 3.625 2.531 1.380 0.692 0.132 -0.692 -1.310 -1.415
0.017873 0.09000 9.39794 1.5811619759 2.5451779366    1.581  1.602  3.6712  2.672    3 0.766 3.672 2.607 1.469 0.790 0.236 -0.577 -1.187 -1.290
0.017873 0.09000 9.39794 1.5813165903 2.5451893806    1.581  1.571  3.6732  2.710    3 0.841 3.706 2.662 1.534 0.860 0.310 -0.496 -1.100 -1.201
0.017873 0.09000 9.39794 1.5814833641 2.5452015400    1.581  1.591  3.6720  2.686    3 0.793 3.682 2.626 1.492 0.815 0.263 -0.548 -1.156 -1.258
0.017873 0.09000 9.39794 1.5818752050 2.5452301502    1.581  1.635  3.6693  2.631    3 0.683 3.631 2.545 1.398 0.714 0.155 -0.666 -1.281 -1.385
0.017873 0.09000 9.39794 1.5823642015 2.5452656746    1.582  1.680  3.6665  2.576    3 0.571 3.579 2.464 1.304 0.610 0.046 -0.786 -1.410 -1.516
0.017873 0.09000 9.39794 1.5828522444 2.5453011990    1.582  1.723  3.6638  2.522    3 0.463 3.531 2.386 1.213 0.512 -0.059 -0.901 -1.534 -1.641
0.017873 0.09000 9.39794 1.5833723545 2.5453391075    1.583  1.769  3.6609  2.464    3 0.348 3.491 2.307 1.117 0.406 -0.171 -1.025 -1.666 -1.775
0.017873 0.09000 9.39794 1.5838524103 2.5453739166    1.583  1.812  3.6581  2.410    3 0.241 3.463 2.238 1.030 0.308 -0.276 -1.141 -1.790 -1.901
0.017873 0.09000 9.39794 1.5843290091 2.5454087257    1.584  1.855  3.6553  2.355    3 0.131 3.437 2.167 0.941 0.209 -0.383 -1.258 -1.916 -2.029
0.017873 0.09000 9.39794 1.5847786665 2.5454413891    1.584  1.898  3.6525  2.302    3 0.025 3.413 2.100 0.855 0.113 -0.486 -1.373 -2.038 -2.154
0.017873 0.09000 9.39794 1.5852152109 2.5454728603    1.585  1.941  3.6496  2.247    3 -0.082 3.390 2.033 0.769 0.016 -0.590 -1.489 -2.162 -2.280
0.017873 0.09000 9.39794 1.5856368542 2.5455036163    1.585  1.985  3.6466  2.192    3 -0.191 3.372 1.967 0.684 -0.081 -0.696 -1.606 -2.288 -2.408
0.017873 0.09000 9.39794 1.5860214233 2.5455315113    1.586  2.026  3.6437  2.139    3 -0.296 3.356 1.906 0.602 -0.174 -0.796 -1.718 -2.409 -2.531
0.017873 0.09000 9.39794 1.5863864422 2.5455579758    1.586  2.069  3.6408  2.085    3 -0.401 3.340 1.843 0.521 -0.267 -0.898 -1.831 -2.531 -2.655
0.017873 0.09000 9.39794 1.5867314339 2.5455827713    1.586  2.111  3.6378  2.031    3 -0.507 3.328 1.784 0.441 -0.358 -0.998 -1.945 -2.653 -2.780
0.017873 0.09000 9.39794 1.5870541334 2.5456061363    1.587  2.152  3.6349  1.978    3 -0.611 3.306 1.725 0.362 -0.448 -1.097 -2.056 -2.771 -2.901
0.017873 0.09000 9.39794 1.5873558521 2.5456280708    1.587  2.194  3.6319  1.924    3 -0.715 3.268 1.667 0.280 -0.537 -1.194 -2.166 -2.885 -3.020
0.017873 0.09000 9.39794 1.5874862671 2.5456373692    1.587  2.213  3.6305  1.900    3 -0.763 3.251 1.640 0.243 -0.577 -1.239 -2.216 -2.937 -3.075
0.017873 0.09000 9.39794 1.5876359940 2.5456483364    1.587  2.235  3.6290  1.872    3 -0.816 3.230 1.610 0.202 -0.622 -1.289 -2.273 -2.995 -3.136
0.017873 0.09000 9.39794 1.5879038572 2.5456676483    1.588  2.275  3.6260  1.819    3 -0.919 3.188 1.552 0.124 -0.706 -1.383 -2.380 -3.107 -3.253
0.017873 0.09000 9.39794 1.5881522894 2.5456855297    1.588  2.316  3.6230  1.767    3 -1.020 3.147 1.495 0.048 -0.790 -1.476 -2.487 -3.218 -3.370
0.017873 0.09000 9.39794 1.5883862972 2.5457024574    1.588  2.357  3.6200  1.714    3 -1.122 3.102 1.436 -0.030 -0.874 -1.570 -2.594 -3.329 -3.487
0.017873 0.09000 9.39794 1.5886008739 2.5457179546    1.588  2.396  3.6170  1.662    3 -1.221 3.057 1.381 -0.102 -0.953 -1.660 -2.698 -3.438 -3.602
0.017873 0.09000 9.39794 1.5888049603 2.5457327366    1.588  2.437  3.6139  1.610    3 -1.322 3.011 1.324 -0.175 -1.033 -1.751 -2.804 -3.548 -3.719
0.017873 0.09000 9.39794 1.5889904499 2.5457460880    1.589  2.476  3.6110  1.559    3 -1.419 2.966 1.269 -0.246 -1.111 -1.839 -2.906 -3.655 -3.832
0.017873 0.09000 9.39794 1.5891674757 2.5457589626    1.589  2.515  3.6078  1.507    3 -1.518 2.919 1.215 -0.314 -1.186 -1.926 -3.010 -3.764 -3.948
0.017873 0.09000 9.39794 1.5893340111 2.5457708836    1.589  2.555  3.6047  1.455    3 -1.617 2.910 1.169 -0.376 -1.261 -2.017 -3.116 -3.878 -4.067
0.017873 0.09000 9.39794 1.5894829035 2.5457816124    1.589  2.593  3.6017  1.405    3 -1.711 2.911 1.128 -0.433 -1.331 -2.104 -3.217 -3.988 -4.181
0.017873 0.09000 9.39794 1.5896269083 2.5457921028    1.589  2.631  3.5985  1.354    3 -1.808 2.910 1.089 -0.488 -1.400 -2.192 -3.322 -4.101 -4.299
0.017873 0.09000 9.39794 1.5897595882 2.5458016396    1.589  2.669  3.5954  1.303    3 -1.904 2.905 1.051 -0.539 -1.465 -2.279 -3.425 -4.211 -4.414
0.017873 0.09000 9.39794 1.5898822546 2.5458104610    1.589  2.707  3.5923  1.254    3 -1.997 2.904 1.017 -0.586 -1.527 -2.363 -3.526 -4.321 -4.528
0.017873 0.09000 9.39794 1.5899999142 2.5458188057    1.590  2.745  3.5890  1.203    3 -2.091 2.903 0.984 -0.632 -1.587 -2.448 -3.629 -4.432 -4.644
0.017873 0.09000 9.39794 1.5901085138 2.5458266735    1.590  2.782  3.5859  1.153    3 -2.184 2.897 0.955 -0.671 -1.642 -2.530 -3.729 -4.540 -4.757
0.017873 0.09000 9.39794 1.5902088881 2.5458338261    1.590  2.818  3.5827  1.104    3 -2.275 2.895 0.929 -0.707 -1.694 -2.611 -3.828 -4.647 -4.869
0.017873 0.09000 9.39794 1.5903036594 2.5458407402    1.590  2.854  3.5794  1.055    3 -2.365 2.893 0.906 -0.739 -1.743 -2.690 -3.927 -4.754 -4.981
0.017873 0.09000 9.39794 1.5903936625 2.5458471775    1.590  2.890  3.5761  1.005    3 -2.456 2.886 0.891 -0.757 -1.782 -2.767 -4.026 -4.861 -5.093
0.017873 0.09000 9.39794 1.5904928446 2.5458543301    1.590  2.933  3.5721  0.947    3 -2.562 2.886 0.880 -0.774 -1.823 -2.857 -4.143 -4.987 -5.226
0.017873 0.09000 9.39794 1.5905870199 2.5458612442    1.590  2.975  3.5680  0.888    3 -2.669 2.884 0.878 -0.779 -1.857 -2.945 -4.263 -5.115 -5.360
0.017873 0.09000 9.39794 1.5906749964 2.5458674431    1.590  3.018  3.5637  0.828    3 -2.775 2.882 0.886 -0.768 -1.879 -3.029 -4.382 -5.242 -5.494
0.017873 0.09000 9.39794 1.5907565355 2.5458734035    1.590  3.060  3.5596  0.770    3 -2.880 2.878 0.894 -0.755 -1.900 -3.111 -4.499 -5.368 -5.627
0.017873 0.09000 9.39794 1.5908324718 2.5458788872    1.590  3.101  3.5554  0.712    3 -2.983 2.874 0.925 -0.714 -1.902 -3.184 -4.616 -5.492 -5.758
0.017873 0.09000 9.39794 1.5909030437 2.5458838940    1.591  3.142  3.5512  0.654    3 -3.085 2.870 0.956 -0.673 -1.903 -3.256 -4.731 -5.615 -5.888
0.017873 0.09000 9.39794 1.5909676552 2.5458886623    1.591  3.181  3.5469  0.598    3 -3.183 2.868 1.007 -0.605 -1.888 -3.314 -4.843 -5.734 -6.015
0.017873 0.09000 9.39794 1.5910298824 2.5458929539    1.591  3.221  3.5426  0.541    3 -3.283 2.865 1.067 -0.526 -1.865 -3.368 -4.957 -5.855 -6.143
0.017873 0.09000 9.39794 1.5910874605 2.5458972454    1.591  3.260  3.5383  0.485    3 -3.380 2.864 1.140 -0.433 -1.834 -3.412 -5.067 -5.972 -6.268
0.017873 0.09000 9.39794 1.5911425352 2.5459010601    1.591  3.298  3.5340  0.430    3 -3.475 2.865 1.233 -0.315 -1.788 -3.444 -5.177 -6.088 -6.392
0.017873 0.09000 9.39794 1.5911886692 2.5459043980    1.591  3.329  3.5304  0.385    3 -3.551 2.866 1.312 -0.216 -1.749 -3.468 -5.267 -6.182 -6.493
0.017873 0.09000 9.39794 1.5911886692 2.5459043980    1.591  1.722  3.6765  2.576    4 0.466 3.254 2.251 1.134 0.475 -0.067 -0.862 -1.454 -1.554
0.017873 0.09000 9.39794 1.5918589830 2.5459525585    1.591  1.738  3.6751  2.554    4 0.424 3.241 2.224 1.101 0.438 -0.107 -0.908 -1.504 -1.605
0.017873 0.09000 9.39794 1.5925786495 2.5460042953    1.592  1.744  3.6748  2.547    4 0.410 3.233 2.213 1.088 0.425 -0.121 -0.923 -1.520 -1.621
0.017873 0.09000 9.39794 1.5933041573 2.5460562706    1.593  1.744  3.6751  2.549    4 0.411 3.228 2.211 1.088 0.425 -0.120 -0.921 -1.517 -1.618
0.017873 0.09000 9.39794 1.5939705372 2.5461041927    1.594  1.742  3.6754  2.552    4 0.414 3.224 2.211 1.089 0.427 -0.118 -0.917 -1.512 -1.613
0.017873 0.09000 9.39794 1.5947029591 2.5461566448    1.594  1.741  3.6757  2.554    4 0.417 3.220 2.210 1.089 0.429 -0.115 -0.914 -1.508 -1.608
0.017873 0.09000 9.39794 1.5954443216 2.5462095737    1.595  1.740  3.6760  2.556    4 0.419 3.216 2.209 1.090 0.430 -0.113 -0.910 -1.504 -1.604
0.017873 0.09000 9.39794 1.5961838961 2.5462625027    1.596  1.740  3.6763  2.559    4 0.421 3.211 2.208 1.090 0.431 -0.112 -0.908 -1.500 -1.600
0.017873 0.09000 9.39794 1.5969127417 2.5463144779    1.597  1.739  3.6766  2.561    4 0.422 3.207 2.206 1.090 0.432 -0.110 -0.905 -1.497 -1.596
0.017873 0.09000 9.39794 1.5976562500 2.5463674068    1.597  1.739  3.6769  2.562    4 0.424 3.202 2.205 1.089 0.432 -0.109 -0.903 -1.494 -1.593
0.017873 0.09000 9.39794 1.5983997583 2.5464203358    1.598  1.739  3.6771  2.563    4 0.423 3.197 2.202 1.088 0.431 -0.110 -0.903 -1.493 -1.592
0.017873 0.09000 9.39794 1.5991548300 2.5464742184    1.599  1.739  3.6773  2.565    4 0.423 3.192 2.200 1.086 0.431 -0.110 -0.902 -1.491 -1.590
0.017873 0.09000 9.39794 1.5999232531 2.5465288162    1.599  1.739  3.6776  2.565    4 0.423 3.187 2.197 1.085 0.430 -0.110 -0.901 -1.490 -1.589
0.017873 0.09000 9.39794 1.6006376743 2.5465793610    1.600  1.739  3.6777  2.566    4 0.422 3.182 2.195 1.083 0.429 -0.111 -0.902 -1.490 -1.589
0.017873 0.09000 9.39794 1.6013411283 2.5466294289    1.601  1.739  3.6779  2.567    4 0.422 3.178 2.192 1.081 0.427 -0.112 -0.902 -1.489 -1.588
0.017873 0.09000 9.39794 1.6014192104 2.5466349125    1.601  1.739  3.6779  2.567    4 0.422 3.177 2.192 1.081 0.427 -0.112 -0.902 -1.489 -1.588
0.017873 0.09000 9.39794 1.6021058559 2.5466835499    1.602  1.740  3.6781  2.567    4 0.420 3.173 2.189 1.079 0.425 -0.114 -0.903 -1.490 -1.589
0.017873 0.09000 9.39794 1.6028745174 2.5467379093    1.602  1.741  3.6782  2.567    4 0.418 3.168 2.186 1.076 0.423 -0.115 -0.904 -1.491 -1.589
0.017873 0.09000 9.39794 1.6035821438 2.5467879772    1.603  1.742  3.6783  2.567    4 0.416 3.163 2.182 1.073 0.421 -0.118 -0.906 -1.492 -1.591
0.017873 0.09000 9.39794 1.6043362617 2.5468411446    1.604  1.743  3.6784  2.566    4 0.413 3.159 2.179 1.070 0.418 -0.121 -0.909 -1.494 -1.593
0.017873 0.09000 9.39794 1.6050562859 2.5468919277    1.605  1.744  3.6785  2.565    4 0.410 3.154 2.175 1.066 0.414 -0.124 -0.912 -1.497 -1.596
0.017873 0.09000 9.39794 1.6058282852 2.5469462872    1.605  1.746  3.6785  2.564    4 0.406 3.149 2.170 1.062 0.410 -0.128 -0.916 -1.501 -1.600
0.017873 0.09000 9.39794 1.6058830023 2.5469501019    1.605  1.746  3.6785  2.564    4 0.406 3.149 2.170 1.062 0.410 -0.128 -0.916 -1.502 -1.600
0.017873 0.09000 9.39794 1.6064891815 2.5469927788    1.606  1.747  3.6785  2.563    4 0.402 3.145 2.167 1.058 0.406 -0.132 -0.920 -1.505 -1.604
0.017873 0.09000 9.39794 1.6067734957 2.5470128059    1.606  1.748  3.6785  2.562    4 0.400 3.144 2.165 1.056 0.405 -0.134 -0.921 -1.507 -1.606
0.017873 0.09000 9.39794 1.6072144508 2.5470438004    1.607  1.749  3.6785  2.561    4 0.397 3.141 2.162 1.053 0.401 -0.137 -0.925 -1.510 -1.609
0.017873 0.09000 9.39794 1.6079250574 2.5470938683    1.608  1.751  3.6784  2.558    4 0.391 3.137 2.157 1.048 0.396 -0.142 -0.931 -1.516 -1.615
0.017873 0.09000 9.39794 1.6086390018 2.5471439362    1.608  1.754  3.6783  2.555    4 0.385 3.133 2.152 1.042 0.390 -0.149 -0.938 -1.524 -1.623
0.017873 0.09000 9.39794 1.6093537807 2.5471940041    1.609  1.757  3.6781  2.552    4 0.377 3.129 2.145 1.035 0.382 -0.157 -0.946 -1.533 -1.632
0.017873 0.09000 9.39794 1.6100746393 2.5472445488    1.610  1.761  3.6779  2.547    4 0.368 3.124 2.139 1.027 0.374 -0.166 -0.956 -1.543 -1.642
0.017873 0.09000 9.39794 1.6108049154 2.5472955704    1.610  1.765  3.6776  2.542    4 0.357 3.120 2.131 1.018 0.364 -0.176 -0.968 -1.556 -1.655
0.017873 0.09000 9.39794 1.6115292311 2.5473461151    1.611  1.770  3.6772  2.536    4 0.345 3.115 2.123 1.008 0.353 -0.188 -0.981 -1.570 -1.670
0.017873 0.09000 9.39794 1.6122616529 2.5473973751    1.612  1.778  3.6766  2.526    4 0.326 3.109 2.110 0.993 0.336 -0.207 -1.002 -1.593 -1.693
0.017873 0.09000 9.39794 1.6129924059 2.5474483967    1.613  1.786  3.6758  2.515    4 0.304 3.104 2.096 0.976 0.316 -0.228 -1.026 -1.619 -1.720
0.017873 0.09000 9.39794 1.6137498617 2.5475010872    1.613  1.796  3.6750  2.502    4 0.280 3.097 2.081 0.957 0.295 -0.251 -1.052 -1.648 -1.749
0.017873 0.09000 9.39794 1.6145170927 2.5475544930    1.614  1.818  3.6731  2.473    4 0.226 3.091 2.049 0.914 0.245 -0.304 -1.113 -1.714 -1.816
0.017873 0.09000 9.39794 1.6151359081 2.5475974083    1.615  1.853  3.6699  2.424    4 0.137 3.083 1.998 0.843 0.165 -0.392 -1.212 -1.823 -1.927
0.017873 0.09000 9.39794 1.6154588461 2.5476198196    1.615  1.893  3.6665  2.372    4 0.039 3.077 1.943 0.768 0.077 -0.487 -1.321 -1.941 -2.047
0.017873 0.09000 9.39794 1.6156241894 2.5476315022    1.615  1.931  3.6632  2.319    4 -0.059 3.069 1.888 0.693 -0.010 -0.582 -1.428 -2.058 -2.167
0.017873 0.09000 9.39794 1.6157075167 2.5476372242    1.615  1.971  3.6598  2.267    4 -0.157 3.061 1.832 0.617 -0.098 -0.677 -1.536 -2.176 -2.286
0.017873 0.09000 9.39794 1.6157487631 2.5476400852    1.615  2.009  3.6566  2.215    4 -0.253 3.057 1.780 0.544 -0.182 -0.770 -1.642 -2.291 -2.404
0.017873 0.09000 9.39794 1.6157726049 2.5476417542    1.615  2.048  3.6534  2.164    4 -0.350 3.052 1.727 0.471 -0.268 -0.863 -1.748 -2.406 -2.522
0.017873 0.09000 9.39794 1.6157876253 2.5476427078    1.615  2.085  3.6503  2.115    4 -0.442 3.047 1.676 0.400 -0.349 -0.952 -1.849 -2.517 -2.634
0.017873 0.09000 9.39794 1.6157904863 2.5476429462    1.615  2.093  3.6497  2.104    4 -0.463 3.046 1.665 0.385 -0.367 -0.972 -1.872 -2.541 -2.659
0.017873 0.09000 9.39794 1.6157907248 2.5476429462    1.615  2.094  3.6496  2.103    7 -0.464 3.046 1.664 0.384 -0.368 -0.973 -1.873 -2.542 -2.661
0.017873 0.09000 9.39794 1.6157915592 2.5476429462    1.615  2.096  3.6494  2.099    7 -0.471 3.046 1.661 0.379 -0.374 -0.980 -1.881 -2.551 -2.669
0.017873 0.09000 9.39794 1.6158031225 2.5476438999    1.615  2.137  3.6461  2.046    7 -0.572 3.044 1.607 0.304 -0.462 -1.077 -1.991 -2.671 -2.791
0.017873 0.09000 9.39794 1.6158138514 2.5476446152    1.615  2.177  3.6429  1.993    7 -0.672 3.039 1.555 0.231 -0.548 -1.171 -2.098 -2.787 -2.911
0.017873 0.09000 9.39794 1.6158245802 2.5476453304    1.615  2.213  3.6399  1.944    7 -0.764 3.016 1.507 0.160 -0.627 -1.258 -2.197 -2.890 -3.018
0.017873 0.09000 9.39794 1.6158396006 2.5476462841    1.615  2.243  3.6375  1.905    7 -0.838 2.997 1.469 0.104 -0.689 -1.327 -2.276 -2.973 -3.105
0.017873 0.09000 9.39794 1.6158678532 2.5476484299    1.615  2.224  3.6391  1.931    7 -0.790 3.008 1.493 0.140 -0.649 -1.282 -2.225 -2.919 -3.048
0.017873 0.09000 9.39794 1.6158936024 2.5476500988    1.615  2.187  3.6422  1.980    7 -0.697 3.031 1.541 0.211 -0.570 -1.195 -2.125 -2.815 -2.940
0.017873 0.09000 9.39794 1.6159509420 2.5476541519    1.615  2.148  3.6453  2.032    7 -0.599 3.040 1.591 0.284 -0.486 -1.103 -2.020 -2.702 -2.823
0.017873 0.09000 9.39794 1.6160777807 2.5476629734    1.616  2.126  3.6471  2.061    7 -0.544 3.041 1.620 0.324 -0.438 -1.050 -1.960 -2.637 -2.757
0.017873 0.09000 9.39794 1.6166896820 2.5477054119    1.616  2.152  3.6450  2.027    7 -0.610 3.042 1.587 0.277 -0.494 -1.112 -2.031 -2.714 -2.836
0.017873 0.09000 9.39794 1.6170333624 2.5477292538    1.617  2.192  3.6417  1.973    7 -0.710 3.029 1.534 0.201 -0.581 -1.208 -2.140 -2.830 -2.956
0.017873 0.09000 9.39794 1.6173121929 2.5477485657    1.617  2.234  3.6383  1.918    7 -0.815 3.003 1.480 0.121 -0.671 -1.306 -2.252 -2.948 -3.079
0.017873 0.09000 9.39794 1.6175392866 2.5477643013    1.617  2.276  3.6348  1.862    7 -0.920 2.975 1.427 0.043 -0.758 -1.403 -2.364 -3.065 -3.201
0.017873 0.09000 9.39794 1.6177265644 2.5477771759    1.617  2.318  3.6314  1.807    7 -1.024 2.945 1.372 -0.035 -0.845 -1.499 -2.474 -3.181 -3.323
0.017873 0.09000 9.39794 1.6178857088 2.5477881432    1.617  2.359  3.6281  1.752    7 -1.127 2.913 1.318 -0.111 -0.929 -1.594 -2.584 -3.295 -3.443
0.017873 0.09000 9.39794 1.6180237532 2.5477976799    1.618  2.400  3.6247  1.698    7 -1.229 2.877 1.264 -0.186 -1.012 -1.687 -2.692 -3.409 -3.563
0.017873 0.09000 9.39794 1.6181459427 2.5478062630    1.618  2.441  3.6213  1.644    7 -1.332 2.841 1.209 -0.261 -1.094 -1.780 -2.800 -3.522 -3.683
0.017873 0.09000 9.39794 1.6182571650 2.5478138924    1.618  2.481  3.6179  1.589    7 -1.433 2.802 1.155 -0.333 -1.174 -1.872 -2.908 -3.636 -3.803
0.017873 0.09000 9.39794 1.6183598042 2.5478210449    1.618  2.522  3.6145  1.535    7 -1.535 2.763 1.101 -0.404 -1.253 -1.963 -3.015 -3.749 -3.924
0.017873 0.09000 9.39794 1.6184552908 2.5478277206    1.618  2.563  3.6111  1.480    7 -1.638 2.740 1.050 -0.473 -1.332 -2.055 -3.124 -3.865 -4.046
0.017873 0.09000 9.39794 1.6185442209 2.5478336811    1.618  2.604  3.6076  1.425    7 -1.741 2.744 1.007 -0.535 -1.409 -2.149 -3.236 -3.986 -4.173
0.017873 0.09000 9.39794 1.6186227798 2.5478391647    1.618  2.644  3.6042  1.372    7 -1.840 2.750 0.967 -0.592 -1.481 -2.240 -3.343 -4.102 -4.294
0.017873 0.09000 9.39794 1.6187012196 2.5478446484    1.618  2.684  3.6007  1.318    7 -1.940 2.758 0.929 -0.649 -1.553 -2.330 -3.450 -4.220 -4.416
0.017873 0.09000 9.39794 1.6187789440 2.5478501320    1.618  2.724  3.5971  1.263    7 -2.041 2.762 0.893 -0.700 -1.620 -2.421 -3.560 -4.339 -4.541
0.017873 0.09000 9.39794 1.6188538074 2.5478551388    1.618  2.766  3.5933  1.206    7 -2.146 2.765 0.858 -0.751 -1.688 -2.516 -3.674 -4.463 -4.671
0.017873 0.09000 9.39794 1.6189172268 2.5478596687    1.618  2.812  3.5892  1.144    7 -2.260 2.770 0.822 -0.804 -1.760 -2.617 -3.798 -4.598 -4.812
0.017873 0.09000 9.39794 1.6189599037 2.5478625298    1.618  2.859  3.5849  1.080    7 -2.376 2.770 0.792 -0.847 -1.825 -2.720 -3.925 -4.736 -4.956
0.017873 0.09000 9.39794 1.6189893484 2.5478646755    1.618  2.902  3.5809  1.021    7 -2.484 2.773 0.766 -0.886 -1.884 -2.814 -4.042 -4.864 -5.090
0.017873 0.09000 9.39794 1.6190147400 2.5478663445    1.619  2.944  3.5768  0.963    7 -2.589 2.775 0.754 -0.906 -1.927 -2.903 -4.158 -4.989 -5.222
0.017873 0.09000 9.39794 1.6190378666 2.5478680134    1.619  2.985  3.5727  0.905    7 -2.692 2.779 0.748 -0.918 -1.965 -2.990 -4.273 -5.113 -5.353
0.017873 0.09000 9.39794 1.6190598011 2.5478694439    1.619  3.026  3.5685  0.848    7 -2.794 2.782 0.748 -0.920 -1.996 -3.074 -4.387 -5.236 -5.482
0.017873 0.09000 9.39794 1.6190788746 2.5478706360    1.619  3.063  3.5647  0.795    7 -2.887 2.783 0.759 -0.905 -2.011 -3.146 -4.492 -5.348 -5.600
0.017873 0.09000 9.39794 1.6191002131 2.5478723049    1.619  3.103  3.5604  0.738    7 -2.988 2.784 0.772 -0.889 -2.028 -3.225 -4.606 -5.471 -5.730
0.017873 0.09000 9.39794 1.6191220284 2.5478737354    1.619  3.140  3.5564  0.685    7 -3.081 2.784 0.805 -0.847 -2.026 -3.290 -4.711 -5.584 -5.849
0.017873 0.09000 9.39794 1.6191455126 2.5478754044    1.619  3.177  3.5524  0.632    7 -3.172 2.786 0.841 -0.801 -2.021 -3.352 -4.814 -5.695 -5.967
0.017873 0.09000 9.39794 1.6191715002 2.5478770733    1.619  3.214  3.5482  0.579    7 -3.264 2.786 0.888 -0.739 -2.006 -3.409 -4.919 -5.807 -6.087
0.017873 0.09000 9.39794 1.6191930771 2.5478787422    1.619  3.244  3.5448  0.535    7 -3.339 2.788 0.939 -0.672 -1.984 -3.447 -5.006 -5.899 -6.185
0.017873 0.09000 9.39794 1.6191973686 2.5478789806    1.619  3.219  3.5476  0.570    7 -3.279 2.786 0.896 -0.729 -2.003 -3.417 -4.936 -5.825 -6.105
0.017873 0.09000 9.39794 1.6191999912 2.5478792191    1.619  3.224  3.5472  0.564    7 -3.289 2.786 0.902 -0.720 -2.001 -3.423 -4.948 -5.838 -6.119
0.017873 0.09000 9.39794 1.6192015409 2.5478792191    1.619  3.257  3.5433  0.515    7 -3.373 2.787 0.961 -0.644 -1.975 -3.466 -5.045 -5.941 -6.229
0.017873 0.09000 9.39794 1.6192033291 2.5478794575    1.619  3.291  3.5391  0.464    7 -3.459 2.792 1.036 -0.549 -1.939 -3.505 -5.144 -6.047 -6.342
0.017873 0.09000 9.39794 1.6192054749 2.5478794575    1.619  3.325  3.5351  0.415    7 -3.542 2.796 1.128 -0.434 -1.892 -3.528 -5.241 -6.149 -6.452
0.017873 0.09000 9.39794 1.6192088127 2.5478796959    1.619  3.362  3.5304  0.359    7 -3.634 2.803 1.236 -0.299 -1.834 -3.553 -5.350 -6.264 -6.575
0.017873 0.09000 9.39794 1.6192127466 2.5478799343    1.619  3.383  3.5278  0.327    7 -3.687 2.806 1.311 -0.205 -1.792 -3.552 -5.412 -6.329 -6.646
#isochrone terminated
