# File generated by CMD 3.3 (http://stev.oapd.inaf.it/cmd) on Wed Dec  4 02:51:55 CET 2019
# isochrones based on PARSEC release v1.2S
# Basic references: Bressan et al. (2012), MNRAS, 427, 127 + Chen et al. (2014, 2015), MNRAS, 444, 2525 + MNRAS, 452, 1068 + Tang et al. (2014), MNRAS, 445, 4287
# On RGB, assumed Reimers mass loss with efficiency eta=0.2
# Photometric system: <i>UBVRIJHK</i> (cf. Maiz-Apellaniz 2006 + Bessell 1990)
# Attention: photometry includes extinction of Av=0.3, with coefficients derived star-by-star, for Cardelli et al 89 + O'Donnell 94 Rv=3.1 extinction curve.
# Using YBC version of bolometric corrections as in Chen et al. (2019)
# O-rich circumstellar dpmod60alox40 dust from Groenewegen (2006)
# C-rich circumstellar AMCSIC15 dust from Groenewegen (2006)
# IMF: Kroupa (2001, 2002) + Kroupa et al. (2013) canonical two-part-power law IMF corrected for unresolved binaries 
# Kind of output: isochrone tables
# Zini     MH   logAge Mini        int_IMF         Mass   logL    logTe  logg  label 	 mbolmag  Umag    Bmag    Vmag    Rmag    Imag    Jmag    Hmag    Kmag
0.01471 0.00000 9.87506 0.0900000036 1.0816895962    0.090 -3.422  3.3633  5.219    1 13.324 23.066 20.338 18.432 16.191 13.905 11.333 10.690 10.385
0.01471 0.00000 9.87506 0.1000000015 1.1711064577    0.100 -3.238  3.3895  5.186    1 12.865 22.544 19.852 17.955 15.726 13.446 10.875 10.233 9.924
0.01471 0.00000 9.87506 0.1200000048 1.3193155527    0.120 -2.971  3.4248  5.140    1 12.199 21.368 18.860 17.001 14.883 12.675 10.228 9.586 9.271
0.01471 0.00000 9.87506 0.1400000006 1.4384527206    0.140 -2.789  3.4447  5.103    1 11.742 19.858 17.669 15.895 14.012 11.968 9.819 9.174 8.858
0.01471 0.00000 9.87506 0.1599999964 1.5372931957    0.160 -2.647  3.4582  5.074    1 11.389 18.850 16.852 15.122 13.390 11.467 9.499 8.852 8.539
0.01471 0.00000 9.87506 0.2000000030 1.6938791275    0.200 -2.429  3.4770  5.028    1 10.843 17.518 15.735 14.061 12.515 10.756 8.999 8.350 8.045
0.01471 0.00000 9.87506 0.2500000000 1.8403258324    0.250 -2.219  3.4933  4.980    1 10.318 16.410 14.775 13.135 11.724 10.116 8.515 7.864 7.569
0.01471 0.00000 9.87506 0.3000000119 1.9529139996    0.300 -2.056  3.5038  4.938    1 9.909 15.682 14.124 12.516 11.178 9.650 8.130 7.477 7.191
0.01471 0.00000 9.87506 0.3500000238 2.0434176922    0.350 -1.905  3.5124  4.889    1 9.533 15.066 13.565 11.984 10.699 9.234 7.774 7.116 6.837
0.01471 0.00000 9.87506 0.4000000358 2.1185026169    0.400 -1.761  3.5235  4.847    1 9.172 14.452 12.997 11.443 10.217 8.829 7.440 6.776 6.506
0.01471 0.00000 9.87506 0.4500000179 2.1822810173    0.450 -1.611  3.5358  4.797    1 8.797 13.843 12.418 10.893 9.723 8.413 7.095 6.422 6.163
0.01471 0.00000 9.87506 0.5000000000 2.2374541759    0.500 -1.453  3.5511  4.746    1 8.402 13.214 11.800 10.301 9.190 7.977 6.739 6.055 5.807
0.01471 0.00000 9.87506 0.5250934958 2.2619073391    0.525 -1.364  3.5613  4.719    1 8.179 12.861 11.442 9.955 8.876 7.732 6.544 5.853 5.613
0.01471 0.00000 9.87506 0.5500000119 2.2836582661    0.550 -1.279  3.5710  4.693    1 7.968 12.535 11.107 9.628 8.579 7.502 6.360 5.661 5.431
0.01471 0.00000 9.87506 0.5713286996 2.3005619049    0.571 -1.204  3.5818  4.678    1 7.780 12.231 10.790 9.323 8.302 7.298 6.202 5.495 5.278
0.01471 0.00000 9.87506 0.6000000238 2.3211214542    0.600 -1.108  3.5956  4.658    1 7.539 11.850 10.391 8.948 7.960 7.042 5.996 5.278 5.083
0.01471 0.00000 9.87506 0.6435074210 2.3483324051    0.643 -0.955  3.6217  4.641    1 7.159 11.203 9.708 8.339 7.416 6.638 5.675 4.955 4.801
0.01471 0.00000 9.87506 0.6499999762 2.3520355225    0.650 -0.934  3.6255  4.638    1 7.104 11.103 9.606 8.252 7.339 6.581 5.629 4.912 4.763
0.01471 0.00000 9.87506 0.7000000477 2.3779268265    0.700 -0.765  3.6558  4.623    1 6.682 10.136 8.780 7.564 6.753 6.141 5.289 4.623 4.511
0.01471 0.00000 9.87506 0.7089517117 2.3821210861    0.709 -0.735  3.6611  4.620    1 6.608 9.937 8.633 7.445 6.655 6.063 5.230 4.581 4.472
0.01471 0.00000 9.87506 0.7390447855 2.3953688145    0.739 -0.637  3.6786  4.610    1 6.361 9.284 8.170 7.068 6.348 5.807 5.037 4.446 4.347
0.01471 0.00000 9.87506 0.7500000000 2.3998889923    0.750 -0.601  3.6848  4.605    1 6.273 9.066 8.014 6.940 6.244 5.717 4.968 4.396 4.300
0.01471 0.00000 9.87506 0.7698094845 2.4076881409    0.770 -0.540  3.6939  4.592    1 6.119 8.724 7.765 6.732 6.069 5.562 4.844 4.299 4.208
0.01471 0.00000 9.87506 0.7954584360 2.4171259403    0.795 -0.461  3.7055  4.573    1 5.922 8.293 7.456 6.472 5.851 5.367 4.688 4.177 4.090
0.01471 0.00000 9.87506 0.8000000119 2.4187245369    0.800 -0.447  3.7075  4.570    1 5.887 8.219 7.404 6.428 5.813 5.333 4.660 4.155 4.069
0.01471 0.00000 9.87506 0.8103638291 2.4222958088    0.810 -0.415  3.7119  4.562    1 5.808 8.055 7.285 6.327 5.727 5.255 4.596 4.105 4.020
0.01471 0.00000 9.87506 0.8336469531 2.4299476147    0.833 -0.344  3.7216  4.541    1 5.630 7.698 7.026 6.107 5.537 5.082 4.455 3.989 3.909
0.01471 0.00000 9.87506 0.8500000238 2.4350347519    0.850 -0.294  3.7282  4.526    1 5.505 7.459 6.853 5.958 5.407 4.961 4.354 3.907 3.829
0.01471 0.00000 9.87506 0.8532322049 2.4360136986    0.853 -0.284  3.7295  4.523    1 5.481 7.413 6.819 5.928 5.381 4.937 4.334 3.890 3.812
0.01471 0.00000 9.87506 0.8748574853 2.4423501492    0.874 -0.218  3.7375  4.499    1 5.314 7.113 6.592 5.734 5.209 4.780 4.201 3.777 3.703
0.01471 0.00000 9.87506 0.8951841593 2.4479863644    0.895 -0.155  3.7447  4.475    1 5.158 6.830 6.383 5.555 5.051 4.633 4.076 3.669 3.599
0.01471 0.00000 9.87506 0.8999999762 2.4492788315    0.899 -0.140  3.7463  4.469    1 5.121 6.764 6.335 5.513 5.014 4.599 4.046 3.643 3.574
0.01471 0.00000 9.87506 0.9020283818 2.4498183727    0.901 -0.134  3.7470  4.467    1 5.105 6.737 6.314 5.495 4.998 4.584 4.033 3.632 3.563
0.01471 0.00000 9.87506 0.9142984748 2.4530241489    0.914 -0.095  3.7509  4.450    1 5.009 6.574 6.192 5.389 4.903 4.495 3.955 3.562 3.495
0.01471 0.00000 9.87506 0.9261655211 2.4560317993    0.926 -0.058  3.7545  4.432    1 4.915 6.425 6.075 5.287 4.811 4.408 3.877 3.493 3.427
0.01471 0.00000 9.87506 0.9479784369 2.4613349438    0.947  0.011  3.7606  4.398    1 4.742 6.157 5.862 5.099 4.639 4.246 3.732 3.361 3.299
0.01471 0.00000 9.87506 0.9499999881 2.4618122578    0.950  0.018  3.7612  4.394    1 4.725 6.133 5.842 5.082 4.623 4.231 3.718 3.349 3.287
0.01471 0.00000 9.87506 0.9584422112 2.4637806416    0.958  0.045  3.7633  4.379    1 4.656 6.034 5.760 5.008 4.555 4.166 3.660 3.295 3.234
0.01471 0.00000 9.87506 0.9771324992 2.4679996967    0.977  0.107  3.7675  4.343    1 4.503 5.822 5.580 4.847 4.405 4.022 3.527 3.172 3.112
0.01471 0.00000 9.87506 0.9948655367 2.4718344212    0.995  0.164  3.7707  4.307    1 4.360 5.637 5.417 4.698 4.264 3.887 3.400 3.052 2.994
0.01471 0.00000 9.87506 1.0000000000 2.4729156494    1.000  0.181  3.7714  4.295    1 4.319 5.585 5.370 4.655 4.223 3.847 3.362 3.015 2.958
0.01471 0.00000 9.87506 1.0121659040 2.4754271507    1.012  0.221  3.7729  4.266    1 4.217 5.464 5.259 4.551 4.123 3.750 3.268 2.925 2.868
0.01471 0.00000 9.87506 1.0245145559 2.4779062271    1.024  0.265  3.7744  4.233    1 4.106 5.334 5.138 4.437 4.014 3.643 3.165 2.825 2.769
0.01471 0.00000 9.87506 1.0339014530 2.4797453880    1.034  0.301  3.7750  4.204    1 4.019 5.238 5.046 4.348 3.927 3.557 3.081 2.742 2.686
0.01471 0.00000 9.87506 1.0430157185 2.4814946651    1.043  0.336  3.7751  4.173    1 3.931 5.148 4.957 4.260 3.839 3.469 2.994 2.655 2.599
0.01471 0.00000 9.87506 1.0499999523 2.4828116894    1.050  0.364  3.7748  4.146    1 3.861 5.083 4.889 4.191 3.769 3.399 2.922 2.583 2.527
0.01471 0.00000 9.87506 1.0517861843 2.4831452370    1.051  0.371  3.7746  4.140    1 3.843 5.066 4.871 4.173 3.751 3.381 2.904 2.565 2.508
0.01471 0.00000 9.87506 1.0615960360 2.4849541187    1.061  0.411  3.7734  4.098    1 3.742 4.979 4.776 4.073 3.649 3.277 2.797 2.455 2.398
0.01471 0.00000 9.87506 1.0700304508 2.4864790440    1.069  0.447  3.7704  4.054    2 3.652 4.923 4.703 3.988 3.558 3.181 2.692 2.344 2.286
0.01471 0.00000 9.87506 1.0776551962 2.4878337383    1.077  0.478  3.7654  4.006    2 3.575 4.906 4.655 3.920 3.479 3.094 2.592 2.232 2.172
0.01471 0.00000 9.87506 1.0845797062 2.4890453815    1.084  0.499  3.7567  3.952    2 3.522 4.966 4.656 3.885 3.423 3.024 2.498 2.118 2.054
0.01471 0.00000 9.87506 1.0888934135 2.4897911549    1.088  0.503  3.7470  3.912    2 3.513 5.093 4.709 3.899 3.414 3.000 2.446 2.043 1.975
0.01471 0.00000 9.87506 1.0915292501 2.4902434349    1.091  0.497  3.7377  3.881    2 3.527 5.242 4.783 3.939 3.432 3.004 2.423 1.996 1.925
0.01471 0.00000 9.87506 1.0933815241 2.4905598164    1.093  0.489  3.7290  3.855    2 3.547 5.390 4.864 3.987 3.458 3.016 2.408 1.959 1.885
0.01471 0.00000 9.87506 1.0951405764 2.4908590317    1.094  0.486  3.7199  3.823    2 3.554 5.540 4.938 4.027 3.475 3.018 2.380 1.907 1.829
0.01471 0.00000 9.87506 1.0972537994 2.4912171364    1.096  0.499  3.7101  3.771    2 3.522 5.671 4.982 4.034 3.457 2.982 2.312 1.810 1.728
0.01471 0.00000 9.87506 1.0991312265 2.4915339947    1.098  0.528  3.7031  3.715    2 3.449 5.717 4.968 3.992 3.396 2.909 2.215 1.693 1.608
0.01471 0.00000 9.87506 1.0996586084 2.4916229248    1.099  0.539  3.7015  3.697    2 3.421 5.716 4.954 3.972 3.371 2.881 2.181 1.655 1.570
0.01471 0.00000 9.87506 1.1000000238 2.4916803837    1.099  0.549  3.7007  3.685    2 3.398 5.706 4.937 3.952 3.350 2.858 2.155 1.627 1.541
0.01471 0.00000 9.87506 1.1001741886 2.4917094707    1.100  0.553  3.7003  3.679    2 3.386 5.700 4.928 3.941 3.338 2.846 2.142 1.613 1.526
0.01471 0.00000 9.87506 1.1016478539 2.4919567108    1.101  0.598  3.6974  3.623    3 3.274 5.636 4.841 3.844 3.233 2.734 2.020 1.482 1.394
0.01471 0.00000 9.87506 1.1028233767 2.4921536446    1.102  0.639  3.6955  3.575    3 3.172 5.563 4.755 3.750 3.135 2.633 1.912 1.368 1.280
0.01471 0.00000 9.87506 1.1041914225 2.4923818111    1.104  0.691  3.6937  3.516    3 3.041 5.460 4.640 3.628 3.009 2.503 1.776 1.226 1.137
0.01471 0.00000 9.87506 1.1052030325 2.4925503731    1.105  0.734  3.6924  3.469    3 2.935 5.375 4.544 3.527 2.905 2.397 1.664 1.111 1.021
0.01471 0.00000 9.87506 1.1063367128 2.4927384853    1.106  0.786  3.6909  3.412    3 2.806 5.272 4.429 3.404 2.779 2.268 1.530 0.972 0.882
0.01471 0.00000 9.87506 1.1072018147 2.4928820133    1.107  0.829  3.6897  3.364    3 2.698 5.187 4.333 3.302 2.674 2.161 1.418 0.857 0.767
0.01471 0.00000 9.87506 1.1080099344 2.4930157661    1.107  0.872  3.6885  3.316    3 2.590 5.103 4.238 3.200 2.569 2.053 1.306 0.741 0.650
0.01471 0.00000 9.87506 1.1087125540 2.4931318760    1.108  0.913  3.6872  3.270    3 2.487 5.024 4.148 3.104 2.470 1.951 1.199 0.631 0.540
0.01471 0.00000 9.87506 1.1095567942 2.4932711124    1.109  0.967  3.6855  3.210    3 2.354 4.923 4.032 2.979 2.340 1.818 1.060 0.487 0.395
0.01471 0.00000 9.87506 1.1101444960 2.4933679104    1.109  1.007  3.6842  3.165    3 2.252 4.849 3.945 2.885 2.243 1.717 0.954 0.377 0.284
0.01471 0.00000 9.87506 1.1108249426 2.4934797287    1.110  1.058  3.6823  3.106    3 2.125 4.758 3.836 2.767 2.119 1.590 0.820 0.238 0.144
0.01471 0.00000 9.87506 1.1113318205 2.4935631752    1.111  1.100  3.6807  3.059    3 2.021 4.686 3.748 2.671 2.020 1.487 0.711 0.124 0.030
0.01471 0.00000 9.87506 1.1119004488 2.4936563969    1.111  1.150  3.6787  3.000    3 1.894 4.603 3.644 2.556 1.898 1.361 0.578 -0.016 -0.111
0.01471 0.00000 9.87506 1.1124243736 2.4937422276    1.112  1.202  3.6764  2.939    3 1.764 4.518 3.537 2.439 1.775 1.233 0.441 -0.159 -0.256
0.01471 0.00000 9.87506 1.1128785610 2.4938166142    1.112  1.252  3.6742  2.881    3 1.640 4.440 3.436 2.327 1.657 1.111 0.310 -0.297 -0.395
0.01471 0.00000 9.87506 1.1132941246 2.4938845634    1.113  1.302  3.6719  2.822    3 1.515 4.362 3.335 2.215 1.539 0.987 0.178 -0.436 -0.535
0.01471 0.00000 9.87506 1.1136788130 2.4939475060    1.113  1.353  3.6695  2.761    3 1.388 4.286 3.233 2.103 1.420 0.863 0.044 -0.577 -0.678
0.01471 0.00000 9.87506 1.1140139103 2.4940023422    1.113  1.401  3.6670  2.704    3 1.268 4.217 3.140 1.998 1.308 0.745 -0.083 -0.712 -0.814
0.01471 0.00000 9.87506 1.1143354177 2.4940547943    1.114  1.451  3.6645  2.644    3 1.143 4.148 3.044 1.889 1.192 0.623 -0.215 -0.851 -0.956
0.01471 0.00000 9.87506 1.1146271229 2.4941022396    1.114  1.498  3.6619  2.586    3 1.024 4.083 2.952 1.786 1.081 0.507 -0.341 -0.986 -1.092
0.01471 0.00000 9.87506 1.1149135828 2.4941489697    1.114  1.545  3.6594  2.530    3 0.909 4.022 2.864 1.687 0.974 0.394 -0.463 -1.115 -1.224
0.01471 0.00000 9.87506 1.1152865887 2.4942097664    1.115  1.587  3.6572  2.478    3 0.802 3.973 2.786 1.595 0.876 0.290 -0.577 -1.236 -1.346
0.01471 0.00000 9.87506 1.1155093908 2.4942460060    1.115  1.555  3.6594  2.520    3 0.883 3.996 2.839 1.661 0.949 0.368 -0.490 -1.142 -1.250
0.01471 0.00000 9.87506 1.1156537533 2.4942696095    1.115  1.519  3.6617  2.565    3 0.971 4.034 2.902 1.734 1.029 0.454 -0.395 -1.039 -1.146
0.01471 0.00000 9.87506 1.1156853437 2.4942748547    1.115  1.511  3.6623  2.576    3 0.993 4.044 2.917 1.752 1.049 0.476 -0.371 -1.014 -1.120
0.01471 0.00000 9.87506 1.1157709360 2.4942886829    1.115  1.528  3.6613  2.555    3 0.950 4.021 2.885 1.716 1.009 0.434 -0.417 -1.063 -1.169
0.01471 0.00000 9.87506 1.1159976721 2.4943256378    1.115  1.576  3.6586  2.496    3 0.830 3.962 2.796 1.613 0.899 0.317 -0.545 -1.199 -1.308
0.01471 0.00000 9.87506 1.1162211895 2.4943618774    1.116  1.624  3.6558  2.437    3 0.710 3.924 2.714 1.514 0.789 0.200 -0.672 -1.335 -1.445
0.01471 0.00000 9.87506 1.1164289713 2.4943957329    1.116  1.671  3.6530  2.379    3 0.592 3.888 2.635 1.415 0.680 0.085 -0.799 -1.469 -1.582
0.01471 0.00000 9.87506 1.1166166067 2.4944262505    1.116  1.717  3.6503  2.322    3 0.477 3.854 2.558 1.320 0.575 -0.028 -0.922 -1.601 -1.715
0.01471 0.00000 9.87506 1.1167894602 2.4944541454    1.116  1.763  3.6474  2.265    3 0.363 3.826 2.485 1.228 0.472 -0.139 -1.044 -1.732 -1.848
0.01471 0.00000 9.87506 1.1169514656 2.4944806099    1.116  1.810  3.6445  2.206    3 0.246 3.799 2.410 1.134 0.367 -0.252 -1.169 -1.865 -1.983
0.01471 0.00000 9.87506 1.1170953512 2.4945039749    1.116  1.855  3.6417  2.150    3 0.133 3.775 2.340 1.044 0.266 -0.360 -1.289 -1.994 -2.114
0.01471 0.00000 9.87506 1.1172297001 2.4945256710    1.117  1.900  3.6388  2.093    3 0.020 3.752 2.270 0.955 0.166 -0.469 -1.410 -2.124 -2.246
0.01471 0.00000 9.87506 1.1173518896 2.4945454597    1.117  1.944  3.6359  2.037    3 -0.091 3.734 2.204 0.870 0.069 -0.576 -1.529 -2.252 -2.377
0.01471 0.00000 9.87506 1.1174638271 2.4945635796    1.117  1.989  3.6329  1.981    3 -0.203 3.707 2.139 0.784 -0.027 -0.682 -1.648 -2.378 -2.506
0.01471 0.00000 9.87506 1.1175665855 2.4945802689    1.117  2.033  3.6299  1.924    3 -0.314 3.661 2.074 0.695 -0.123 -0.786 -1.764 -2.499 -2.632
0.01471 0.00000 9.87506 1.1176596880 2.4945952892    1.117  2.077  3.6269  1.869    3 -0.423 3.614 2.012 0.611 -0.214 -0.887 -1.879 -2.617 -2.756
0.01471 0.00000 9.87506 1.1177457571 2.4946093559    1.117  2.121  3.6239  1.813    3 -0.532 3.564 1.948 0.526 -0.306 -0.988 -1.994 -2.736 -2.880
0.01471 0.00000 9.87506 1.1178239584 2.4946219921    1.117  2.164  3.6208  1.758    3 -0.640 3.515 1.885 0.443 -0.396 -1.087 -2.106 -2.853 -3.003
0.01471 0.00000 9.87506 1.1178958416 2.4946336746    1.117  2.207  3.6178  1.703    3 -0.746 3.462 1.823 0.362 -0.483 -1.185 -2.218 -2.970 -3.125
0.01471 0.00000 9.87506 1.1179631948 2.4946446419    1.117  2.250  3.6147  1.647    3 -0.854 3.409 1.761 0.281 -0.571 -1.283 -2.331 -3.087 -3.249
0.01471 0.00000 9.87506 1.1180231571 2.4946541786    1.117  2.291  3.6116  1.593    3 -0.958 3.359 1.701 0.204 -0.655 -1.377 -2.439 -3.200 -3.369
0.01471 0.00000 9.87506 1.1180804968 2.4946634769    1.117  2.334  3.6084  1.538    3 -1.065 3.306 1.640 0.127 -0.740 -1.473 -2.551 -3.317 -3.493
0.01471 0.00000 9.87506 1.1181312799 2.4946718216    1.117  2.375  3.6053  1.485    3 -1.167 3.268 1.586 0.058 -0.818 -1.564 -2.658 -3.430 -3.613
0.01471 0.00000 9.87506 1.1181782484 2.4946794510    1.117  2.416  3.6021  1.431    3 -1.269 3.268 1.540 -0.006 -0.896 -1.658 -2.767 -3.548 -3.735
0.01471 0.00000 9.87506 1.1182228327 2.4946866035    1.118  2.457  3.5989  1.377    3 -1.373 3.267 1.494 -0.069 -0.973 -1.753 -2.878 -3.668 -3.860
0.01471 0.00000 9.87506 1.1182625294 2.4946930408    1.118  2.497  3.5957  1.324    3 -1.472 3.264 1.455 -0.124 -1.042 -1.843 -2.985 -3.783 -3.980
0.01471 0.00000 9.87506 1.1182996035 2.4946990013    1.118  2.537  3.5925  1.272    3 -1.572 3.263 1.415 -0.178 -1.111 -1.934 -3.093 -3.900 -4.101
0.01471 0.00000 9.87506 1.1183341742 2.4947047234    1.118  2.577  3.5892  1.219    3 -1.672 3.261 1.378 -0.230 -1.178 -2.024 -3.200 -4.016 -4.222
0.01471 0.00000 9.87506 1.1183646917 2.4947094917    1.118  2.614  3.5860  1.168    3 -1.766 3.258 1.348 -0.271 -1.234 -2.108 -3.302 -4.126 -4.338
0.01471 0.00000 9.87506 1.1183938980 2.4947142601    1.118  2.653  3.5827  1.116    3 -1.862 3.257 1.319 -0.312 -1.292 -2.193 -3.406 -4.239 -4.455
0.01471 0.00000 9.87506 1.1184213161 2.4947187901    1.118  2.691  3.5793  1.064    3 -1.958 3.256 1.292 -0.350 -1.348 -2.278 -3.511 -4.352 -4.574
0.01471 0.00000 9.87506 1.1184458733 2.4947226048    1.118  2.728  3.5760  1.015    3 -2.049 3.251 1.276 -0.372 -1.389 -2.356 -3.610 -4.460 -4.686
0.01471 0.00000 9.87506 1.1184744835 2.4947273731    1.118  2.773  3.5718  0.952    3 -2.163 3.252 1.260 -0.396 -1.438 -2.454 -3.736 -4.595 -4.828
0.01471 0.00000 9.87506 1.1185007095 2.4947316647    1.118  2.818  3.5676  0.891    3 -2.275 3.253 1.256 -0.404 -1.475 -2.547 -3.860 -4.728 -4.968
0.01471 0.00000 9.87506 1.1185245514 2.4947354794    1.118  2.862  3.5633  0.830    3 -2.384 3.252 1.259 -0.400 -1.503 -2.635 -3.982 -4.859 -5.106
0.01471 0.00000 9.87506 1.1185467243 2.4947390556    1.118  2.905  3.5590  0.769    3 -2.493 3.251 1.269 -0.387 -1.525 -2.721 -4.104 -4.989 -5.243
0.01471 0.00000 9.87506 1.1185671091 2.4947423935    1.118  2.948  3.5547  0.709    3 -2.600 3.249 1.297 -0.351 -1.532 -2.798 -4.224 -5.117 -5.378
0.01471 0.00000 9.87506 1.1185855865 2.4947452545    1.118  2.989  3.5504  0.651    3 -2.702 3.249 1.326 -0.313 -1.535 -2.872 -4.339 -5.241 -5.509
0.01471 0.00000 9.87506 1.1186031103 2.4947481155    1.118  3.030  3.5460  0.592    3 -2.805 3.247 1.379 -0.244 -1.519 -2.933 -4.456 -5.365 -5.641
0.01471 0.00000 9.87506 1.1186190844 2.4947507381    1.118  3.070  3.5416  0.535    3 -2.905 3.247 1.436 -0.168 -1.499 -2.989 -4.570 -5.486 -5.769
0.01471 0.00000 9.87506 1.1186337471 2.4947531223    1.118  3.109  3.5373  0.478    3 -3.003 3.247 1.511 -0.072 -1.466 -3.034 -4.682 -5.605 -5.896
0.01471 0.00000 9.87506 1.1186475754 2.4947552681    1.118  3.148  3.5329  0.422    3 -3.099 3.249 1.602 0.044 -1.422 -3.070 -4.794 -5.722 -6.021
0.01471 0.00000 9.87506 1.1186604500 2.4947574139    1.118  3.186  3.5284  0.367    3 -3.194 3.251 1.704 0.173 -1.371 -3.095 -4.904 -5.837 -6.145
0.01471 0.00000 9.87506 1.1186722517 2.4947593212    1.118  3.222  3.5240  0.312    3 -3.285 3.254 1.830 0.329 -1.303 -3.098 -5.011 -5.948 -6.265
0.01471 0.00000 9.87506 1.1186833382 2.4947612286    1.118  3.258  3.5196  0.259    3 -3.375 3.261 1.965 0.497 -1.228 -3.093 -5.116 -6.058 -6.385
0.01471 0.00000 9.87506 1.1186937094 2.4947628975    1.118  3.293  3.5152  0.206    3 -3.463 3.267 2.130 0.710 -1.123 -3.053 -5.218 -6.165 -6.501
0.01471 0.00000 9.87506 1.1187033653 2.4947643280    1.118  3.328  3.5108  0.154    3 -3.549 3.275 2.298 0.927 -1.016 -3.009 -5.318 -6.270 -6.615
0.01471 0.00000 9.87506 1.1187126637 2.4947657585    1.118  3.361  3.5064  0.103    3 -3.633 3.275 2.434 1.103 -0.931 -2.972 -5.417 -6.372 -6.725
0.01471 0.00000 9.87506 1.1187241077 2.4947676659    1.118  3.401  3.5013  0.043    3 -3.732 3.276 2.600 1.316 -0.825 -2.920 -5.532 -6.492 -6.855
0.01471 0.00000 9.87506 1.1187241077 2.4947676659    1.118  1.711  3.6701  2.408    4 0.491 3.381 2.335 1.193 0.521 -0.034 -0.853 -1.467 -1.568
0.01471 0.00000 9.87506 1.1188492775 2.4947879314    1.118  1.721  3.6693  2.394    4 0.466 3.378 2.320 1.173 0.498 -0.059 -0.880 -1.497 -1.599
0.01471 0.00000 9.87506 1.1189775467 2.4948086739    1.118  1.726  3.6691  2.389    4 0.455 3.373 2.312 1.164 0.488 -0.070 -0.892 -1.509 -1.611
0.01471 0.00000 9.87506 1.1191097498 2.4948301315    1.118  1.726  3.6693  2.390    4 0.456 3.368 2.309 1.162 0.487 -0.070 -0.891 -1.507 -1.609
0.01471 0.00000 9.87506 1.1192409992 2.4948513508    1.119  1.724  3.6697  2.394    4 0.460 3.362 2.309 1.164 0.490 -0.066 -0.886 -1.501 -1.602
0.01471 0.00000 9.87506 1.1193726063 2.4948725700    1.119  1.722  3.6702  2.398    4 0.465 3.356 2.309 1.166 0.494 -0.061 -0.879 -1.493 -1.594
0.01471 0.00000 9.87506 1.1195067167 2.4948942661    1.119  1.720  3.6706  2.402    4 0.471 3.351 2.310 1.169 0.499 -0.055 -0.872 -1.484 -1.585
0.01471 0.00000 9.87506 1.1196402311 2.4949157238    1.119  1.717  3.6711  2.406    4 0.476 3.346 2.310 1.172 0.503 -0.050 -0.865 -1.476 -1.577
0.01471 0.00000 9.87506 1.1197696924 2.4949367046    1.119  1.715  3.6715  2.409    4 0.481 3.342 2.311 1.175 0.507 -0.045 -0.859 -1.469 -1.569
0.01471 0.00000 9.87506 1.1198977232 2.4949572086    1.119  1.714  3.6718  2.413    4 0.486 3.337 2.311 1.177 0.510 -0.041 -0.853 -1.462 -1.562
0.01471 0.00000 9.87506 1.1200360060 2.4949796200    1.119  1.712  3.6722  2.416    4 0.490 3.333 2.311 1.179 0.513 -0.037 -0.848 -1.456 -1.556
0.01471 0.00000 9.87506 1.1201622486 2.4949998856    1.119  1.711  3.6725  2.418    4 0.493 3.328 2.310 1.180 0.516 -0.035 -0.844 -1.451 -1.551
0.01471 0.00000 9.87506 1.1203061342 2.4950232506    1.120  1.710  3.6728  2.421    4 0.496 3.324 2.310 1.181 0.518 -0.032 -0.840 -1.446 -1.546
0.01471 0.00000 9.87506 1.1204466820 2.4950459003    1.120  1.709  3.6731  2.423    4 0.498 3.319 2.309 1.182 0.519 -0.030 -0.837 -1.442 -1.542
0.01471 0.00000 9.87506 1.1205203533 2.4950575829    1.120  1.708  3.6733  2.424    4 0.499 3.317 2.308 1.182 0.520 -0.029 -0.836 -1.440 -1.540
0.01471 0.00000 9.87506 1.1205784082 2.4950671196    1.120  1.708  3.6734  2.424    4 0.500 3.315 2.308 1.182 0.520 -0.028 -0.835 -1.439 -1.538
0.01471 0.00000 9.87506 1.1207084656 2.4950881004    1.120  1.708  3.6736  2.426    4 0.501 3.312 2.307 1.182 0.521 -0.027 -0.833 -1.436 -1.536
0.01471 0.00000 9.87506 1.1208356619 2.4951083660    1.120  1.707  3.6737  2.427    4 0.502 3.308 2.306 1.181 0.521 -0.026 -0.831 -1.434 -1.534
0.01471 0.00000 9.87506 1.1209671497 2.4951295853    1.120  1.707  3.6739  2.428    4 0.502 3.305 2.304 1.181 0.521 -0.026 -0.831 -1.434 -1.533
0.01471 0.00000 9.87506 1.1210917234 2.4951496124    1.120  1.708  3.6740  2.428    4 0.501 3.302 2.302 1.179 0.520 -0.027 -0.831 -1.434 -1.533
0.01471 0.00000 9.87506 1.1212220192 2.4951705933    1.120  1.708  3.6741  2.427    4 0.499 3.299 2.300 1.177 0.518 -0.029 -0.833 -1.435 -1.534
0.01471 0.00000 9.87506 1.1213518381 2.4951915741    1.121  1.709  3.6741  2.427    4 0.497 3.296 2.297 1.175 0.516 -0.031 -0.835 -1.437 -1.536
0.01471 0.00000 9.87506 1.1214468479 2.4952068329    1.121  1.710  3.6741  2.426    4 0.495 3.295 2.295 1.172 0.513 -0.034 -0.837 -1.439 -1.539
0.01471 0.00000 9.87506 1.1215034723 2.4952158928    1.121  1.711  3.6740  2.425    4 0.493 3.294 2.294 1.171 0.512 -0.035 -0.839 -1.441 -1.540
0.01471 0.00000 9.87506 1.1216310263 2.4952363968    1.121  1.713  3.6740  2.423    4 0.488 3.291 2.290 1.167 0.507 -0.040 -0.844 -1.447 -1.546
0.01471 0.00000 9.87506 1.1217530966 2.4952559471    1.121  1.715  3.6738  2.420    4 0.482 3.289 2.286 1.162 0.502 -0.046 -0.851 -1.453 -1.552
0.01471 0.00000 9.87506 1.1218757629 2.4952757359    1.121  1.718  3.6736  2.416    4 0.475 3.288 2.282 1.156 0.495 -0.053 -0.858 -1.462 -1.561
0.01471 0.00000 9.87506 1.1219983101 2.4952955246    1.121  1.722  3.6733  2.411    4 0.466 3.286 2.276 1.148 0.487 -0.062 -0.869 -1.473 -1.572
0.01471 0.00000 9.87506 1.1221201420 2.4953150749    1.121  1.726  3.6729  2.406    4 0.455 3.284 2.269 1.139 0.476 -0.073 -0.881 -1.486 -1.586
0.01471 0.00000 9.87506 1.1222403049 2.4953343868    1.122  1.731  3.6725  2.398    4 0.442 3.283 2.261 1.129 0.464 -0.086 -0.896 -1.502 -1.602
0.01471 0.00000 9.87506 1.1223596334 2.4953534603    1.122  1.737  3.6720  2.391    4 0.427 3.281 2.253 1.117 0.451 -0.100 -0.912 -1.520 -1.620
0.01471 0.00000 9.87506 1.1224802732 2.4953727722    1.122  1.744  3.6713  2.381    4 0.410 3.280 2.243 1.104 0.436 -0.117 -0.931 -1.540 -1.641
0.01471 0.00000 9.87506 1.1226028204 2.4953925610    1.122  1.753  3.6705  2.369    4 0.388 3.280 2.231 1.087 0.416 -0.138 -0.956 -1.568 -1.669
0.01471 0.00000 9.87506 1.1227155924 2.4954106808    1.122  1.752  3.6707  2.370    4 0.390 3.277 2.231 1.087 0.417 -0.137 -0.954 -1.565 -1.666
0.01471 0.00000 9.87506 1.1228380203 2.4954302311    1.122  1.773  3.6687  2.342    4 0.337 3.276 2.202 1.047 0.370 -0.188 -1.013 -1.630 -1.732
0.01471 0.00000 9.87506 1.1229566336 2.4954493046    1.122  1.809  3.6654  2.293    4 0.249 3.274 2.154 0.980 0.291 -0.274 -1.111 -1.738 -1.842
0.01471 0.00000 9.87506 1.1230198145 2.4954593182    1.122  1.846  3.6620  2.243    4 0.156 3.272 2.104 0.909 0.209 -0.364 -1.214 -1.851 -1.957
0.01471 0.00000 9.87506 1.1230540276 2.4954648018    1.122  1.884  3.6586  2.190    4 0.059 3.270 2.051 0.836 0.123 -0.458 -1.321 -1.968 -2.077
0.01471 0.00000 9.87506 1.1230722666 2.4954679012    1.122  1.923  3.6551  2.137    4 -0.038 3.270 2.000 0.764 0.039 -0.551 -1.428 -2.085 -2.196
0.01471 0.00000 9.87506 1.1230818033 2.4954693317    1.122  1.961  3.6517  2.086    4 -0.133 3.271 1.950 0.693 -0.045 -0.643 -1.533 -2.201 -2.314
0.01471 0.00000 9.87506 1.1230870485 2.4954700470    1.122  2.000  3.6484  2.034    4 -0.229 3.273 1.901 0.623 -0.128 -0.734 -1.638 -2.316 -2.432
0.01471 0.00000 9.87506 1.1230902672 2.4954707623    1.122  2.037  3.6452  1.984    4 -0.322 3.270 1.855 0.555 -0.207 -0.822 -1.739 -2.426 -2.545
0.01471 0.00000 9.87506 1.1230924129 2.4954710007    1.122  2.072  3.6422  1.937    4 -0.409 3.252 1.812 0.490 -0.281 -0.903 -1.833 -2.525 -2.648
0.01471 0.00000 9.87506 1.1230925322 2.4954710007    1.122  2.074  3.6420  1.935    7 -0.414 3.251 1.809 0.486 -0.286 -0.908 -1.838 -2.530 -2.653
0.01471 0.00000 9.87506 1.1230936050 2.4954712391    1.122  2.094  3.6403  1.907    7 -0.466 3.238 1.783 0.447 -0.330 -0.956 -1.893 -2.589 -2.714
0.01471 0.00000 9.87506 1.1230956316 2.4954714775    1.122  2.136  3.6367  1.851    7 -0.570 3.213 1.731 0.369 -0.417 -1.053 -2.005 -2.707 -2.838
0.01471 0.00000 9.87506 1.1230975389 2.4954719543    1.122  2.170  3.6339  1.806    7 -0.654 3.190 1.688 0.307 -0.486 -1.130 -2.095 -2.801 -2.937
0.01471 0.00000 9.87506 1.1230994463 2.4954721928    1.122  2.198  3.6315  1.769    7 -0.724 3.170 1.652 0.255 -0.545 -1.194 -2.169 -2.879 -3.019
0.01471 0.00000 9.87506 1.1231044531 2.4954729080    1.122  2.202  3.6312  1.763    7 -0.734 3.166 1.646 0.247 -0.554 -1.204 -2.180 -2.891 -3.031
0.01471 0.00000 9.87506 1.1231085062 2.4954736233    1.122  2.168  3.6341  1.809    7 -0.649 3.189 1.689 0.310 -0.483 -1.126 -2.089 -2.795 -2.930
0.01471 0.00000 9.87506 1.1231184006 2.4954752922    1.122  2.134  3.6370  1.854    7 -0.566 3.211 1.731 0.372 -0.414 -1.049 -2.000 -2.701 -2.832
0.01471 0.00000 9.87506 1.1231981516 2.4954879284    1.122  2.128  3.6374  1.862    7 -0.549 3.217 1.741 0.385 -0.400 -1.034 -1.983 -2.683 -2.813
0.01471 0.00000 9.87506 1.1232595444 2.4954977036    1.123  2.168  3.6339  1.808    7 -0.651 3.193 1.691 0.310 -0.483 -1.127 -2.091 -2.797 -2.933
0.01471 0.00000 9.87506 1.1233111620 2.4955060482    1.123  2.211  3.6303  1.750    7 -0.759 3.163 1.635 0.230 -0.573 -1.226 -2.206 -2.919 -3.060
0.01471 0.00000 9.87506 1.1233546734 2.4955129623    1.123  2.254  3.6266  1.692    7 -0.866 3.128 1.581 0.153 -0.659 -1.324 -2.320 -3.039 -3.187
0.01471 0.00000 9.87506 1.1233913898 2.4955189228    1.123  2.297  3.6230  1.636    7 -0.972 3.092 1.525 0.076 -0.744 -1.420 -2.432 -3.157 -3.312
0.01471 0.00000 9.87506 1.1234227419 2.4955239296    1.123  2.339  3.6195  1.580    7 -1.076 3.055 1.470 0.000 -0.828 -1.514 -2.542 -3.274 -3.436
0.01471 0.00000 9.87506 1.1234499216 2.4955282211    1.123  2.380  3.6159  1.524    7 -1.180 3.018 1.417 -0.072 -0.909 -1.606 -2.652 -3.390 -3.559
0.01471 0.00000 9.87506 1.1234737635 2.4955320358    1.123  2.421  3.6123  1.468    7 -1.284 3.007 1.369 -0.140 -0.989 -1.700 -2.762 -3.509 -3.684
0.01471 0.00000 9.87506 1.1234948635 2.4955353737    1.123  2.462  3.6088  1.413    7 -1.386 3.018 1.327 -0.203 -1.066 -1.794 -2.873 -3.630 -3.810
0.01471 0.00000 9.87506 1.1235140562 2.4955384731    1.123  2.503  3.6052  1.358    7 -1.488 3.027 1.287 -0.262 -1.141 -1.887 -2.983 -3.750 -3.935
0.01471 0.00000 9.87506 1.1235318184 2.4955413342    1.123  2.544  3.6016  1.302    7 -1.591 3.039 1.248 -0.321 -1.216 -1.979 -3.093 -3.870 -4.061
0.01471 0.00000 9.87506 1.1235482693 2.4955439568    1.123  2.585  3.5980  1.247    7 -1.692 3.048 1.211 -0.375 -1.286 -2.071 -3.203 -3.990 -4.186
0.01471 0.00000 9.87506 1.1235640049 2.4955465794    1.123  2.626  3.5943  1.191    7 -1.796 3.055 1.177 -0.426 -1.354 -2.163 -3.315 -4.112 -4.314
0.01471 0.00000 9.87506 1.1235787868 2.4955489635    1.123  2.667  3.5905  1.136    7 -1.897 3.065 1.145 -0.476 -1.420 -2.254 -3.425 -4.232 -4.439
0.01471 0.00000 9.87506 1.1235926151 2.4955511093    1.123  2.708  3.5867  1.079    7 -1.999 3.071 1.119 -0.516 -1.479 -2.344 -3.536 -4.354 -4.567
0.01471 0.00000 9.87506 1.1236057281 2.4955532551    1.123  2.747  3.5830  1.025    7 -2.098 3.078 1.095 -0.553 -1.535 -2.431 -3.644 -4.472 -4.690
0.01471 0.00000 9.87506 1.1236183643 2.4955551624    1.123  2.787  3.5790  0.969    7 -2.198 3.090 1.079 -0.582 -1.585 -2.517 -3.754 -4.592 -4.817
0.01471 0.00000 9.87506 1.1236287355 2.4955568314    1.123  2.828  3.5749  0.912    7 -2.301 3.098 1.071 -0.598 -1.625 -2.604 -3.867 -4.715 -4.946
0.01471 0.00000 9.87506 1.1236355305 2.4955580235    1.123  2.868  3.5709  0.856    7 -2.400 3.107 1.066 -0.611 -1.663 -2.687 -3.977 -4.834 -5.071
0.01471 0.00000 9.87506 1.1236405373 2.4955587387    1.123  2.905  3.5669  0.803    7 -2.493 3.113 1.073 -0.605 -1.685 -2.763 -4.082 -4.947 -5.191
0.01471 0.00000 9.87506 1.1236449480 2.4955594540    1.123  2.943  3.5629  0.749    7 -2.587 3.119 1.086 -0.590 -1.701 -2.836 -4.187 -5.061 -5.311
0.01471 0.00000 9.87506 1.1236490011 2.4955601692    1.123  2.981  3.5587  0.694    7 -2.682 3.125 1.107 -0.567 -1.711 -2.909 -4.295 -5.178 -5.434
0.01471 0.00000 9.87506 1.1236528158 2.4955608845    1.123  3.019  3.5545  0.639    7 -2.778 3.129 1.142 -0.522 -1.708 -2.975 -4.403 -5.294 -5.558
0.01471 0.00000 9.87506 1.1236566305 2.4955613613    1.123  3.060  3.5498  0.580    7 -2.880 3.136 1.185 -0.469 -1.700 -3.045 -4.519 -5.419 -5.690
0.01471 0.00000 9.87506 1.1236600876 2.4955618382    1.123  3.097  3.5455  0.526    7 -2.972 3.140 1.247 -0.388 -1.674 -3.095 -4.625 -5.533 -5.811
0.01471 0.00000 9.87506 1.1236640215 2.4955625534    1.123  3.136  3.5408  0.468    7 -3.070 3.148 1.320 -0.295 -1.641 -3.147 -4.738 -5.653 -5.940
0.01471 0.00000 9.87506 1.1236683130 2.4955632687    1.123  3.174  3.5362  0.411    7 -3.164 3.155 1.417 -0.174 -1.592 -3.182 -4.849 -5.770 -6.066
0.01471 0.00000 9.87506 1.1236727238 2.4955639839    1.123  3.210  3.5317  0.358    7 -3.254 3.161 1.514 -0.051 -1.541 -3.211 -4.953 -5.881 -6.184
0.01471 0.00000 9.87506 1.1236755848 2.4955644608    1.123  3.216  3.5310  0.349    7 -3.270 3.162 1.529 -0.032 -1.534 -3.217 -4.972 -5.900 -6.205
0.01471 0.00000 9.87506 1.1236757040 2.4955644608    1.123  3.210  3.5318  0.358    7 -3.254 3.160 1.510 -0.055 -1.544 -3.213 -4.954 -5.881 -6.184
0.01471 0.00000 9.87506 1.1236760616 2.4955644608    1.123  3.215  3.5311  0.349    7 -3.268 3.161 1.527 -0.034 -1.535 -3.217 -4.970 -5.899 -6.203
0.01471 0.00000 9.87506 1.1236763000 2.4955644608    1.123  3.225  3.5298  0.335    7 -3.292 3.164 1.557 0.003 -1.519 -3.223 -4.999 -5.928 -6.235
0.01471 0.00000 9.87506 1.1236765385 2.4955646992    1.123  3.236  3.5283  0.317    7 -3.321 3.167 1.602 0.059 -1.492 -3.221 -5.033 -5.964 -6.274
0.01471 0.00000 9.87506 1.1236768961 2.4955646992    1.123  3.256  3.5258  0.288    7 -3.369 3.172 1.678 0.153 -1.449 -3.218 -5.089 -6.023 -6.338
0.01471 0.00000 9.87506 1.1236772537 2.4955646992    1.123  3.285  3.5218  0.243    7 -3.442 3.182 1.803 0.306 -1.377 -3.210 -5.176 -6.114 -6.438
0.01471 0.00000 9.87506 1.1236778498 2.4955646992    1.123  3.320  3.5171  0.189    7 -3.529 3.195 1.975 0.524 -1.268 -3.173 -5.279 -6.222 -6.555
0.01471 0.00000 9.87506 1.1236786842 2.4955649376    1.123  3.347  3.5132  0.146    7 -3.597 3.206 2.125 0.717 -1.170 -3.130 -5.359 -6.307 -6.648
#isochrone terminated
