# File generated by CMD 3.3 (http://stev.oapd.inaf.it/cmd) on Sun Dec  8 07:25:57 CET 2019
# isochrones based on PARSEC release v1.2S +  COLIBRI S_35
# Basic references: Bressan et al. (2012), MNRAS, 427, 127 + Chen et al. (2014, 2015), MNRAS, 444, 2525 + MNRAS, 452, 1068 + Tang et al. (2014), MNRAS, 445, 4287 + Marigo et al. (2017), ApJ, 835, 77 + Pastorelli al. (2019), MNRAS in press
# Thermal pulse cycles included 
# On RGB, assumed Reimers mass loss with efficiency eta=0.2
# Photometric system: <i>UBVRIJHK</i> (cf. Maiz-Apellaniz 2006 + Bessell 1990)
# Attention: photometry includes extinction of Av=0.1, with coefficients derived star-by-star, for Cardelli et al 89 + O'Donnell 94 Rv=3.1 extinction curve.
# Using YBC version of bolometric corrections as in Chen et al. (2019)
# O-rich circumstellar dpmod60alox40 dust from Groenewegen (2006)
# C-rich circumstellar AMCSIC15 dust from Groenewegen (2006)
# IMF: Kroupa (2001, 2002) + Kroupa et al. (2013) canonical two-part-power law IMF corrected for unresolved binaries 
# Kind of output: isochrone tables
# Zini     MH   logAge Mini        int_IMF         Mass   logL    logTe  logg  label   McoreTP C_O  period0 period1 pmode  Mloss  tau1m   X   Y   Xc  Xn  Xo  Cexcess  Z 	 mbolmag  Umag    Bmag    Vmag    Rmag    Imag    Jmag    Hmag    Kmag
0.01471 0.00000 9.84510 0.0900000036 1.0816895962    0.090 -3.422  3.3633  5.219    1  0.000  0.545     0.00     0.00 -1  -3.9e-17      0.00 7.099e-01 2.753e-01 2.655e-03 7.163e-04 6.496e-03 -1.000 1.476e-02 13.325 22.761 20.093 18.235 16.052 13.790 11.276 10.654 10.363
0.01471 0.00000 9.84510 0.1000000015 1.1711064577    0.100 -3.238  3.3895  5.186    1  0.000  0.545     0.00     0.00 -1 -5.87e-17      0.00 7.096e-01 2.756e-01 2.655e-03 7.163e-04 6.496e-03 -1.000 1.476e-02 12.865 22.239 19.606 17.758 15.587 13.331 10.818 10.197 9.902
0.01471 0.00000 9.84510 0.1138702929 1.2775208950    0.114 -3.048  3.4146  5.153    1  0.000  0.545     0.00     0.00 -1 -8.84e-17      0.00 7.092e-01 2.761e-01 2.655e-03 7.163e-04 6.496e-03 -1.000 1.476e-02 12.391 21.702 19.105 17.266 15.107 12.857 10.344 9.724 9.425
0.01471 0.00000 9.84510 0.1200000048 1.3193155527    0.120 -2.972  3.4247  5.140    1  0.000  0.545     0.00     0.00 -1 -1.04e-16      0.00 7.090e-01 2.762e-01 2.655e-03 7.163e-04 6.496e-03 -1.000 1.476e-02 12.199 21.066 18.615 16.805 14.744 12.561 10.171 9.550 9.248
0.01471 0.00000 9.84510 0.1400000006 1.4384527206    0.140 -2.789  3.4446  5.103    1  0.000  0.545     0.00     0.00 -1 -1.53e-16      0.00 7.085e-01 2.768e-01 2.655e-03 7.163e-04 6.496e-03 -1.000 1.476e-02 11.743 19.555 17.422 15.698 13.870 11.853 9.761 9.138 8.835
0.01471 0.00000 9.84510 0.1523680389 1.5015743971    0.152 -2.699  3.4532  5.085    1  0.000  0.545     0.00     0.00 -1 -1.85e-16      0.00 7.081e-01 2.771e-01 2.655e-03 7.163e-04 6.496e-03 -1.000 1.476e-02 11.519 18.914 16.901 15.209 13.475 11.533 9.558 8.934 8.632
0.01471 0.00000 9.84510 0.1599999964 1.5372931957    0.160 -2.648  3.4582  5.075    1  0.000  0.545     0.00     0.00 -1 -2.05e-16      0.00 7.080e-01 2.773e-01 2.655e-03 7.163e-04 6.496e-03 -1.000 1.476e-02 11.389 18.548 16.604 14.925 13.246 11.351 9.442 8.816 8.516
0.01471 0.00000 9.84510 0.2000000030 1.6938791275    0.200 -2.430  3.4769  5.029    1  0.000  0.545     0.00     0.00 -1  -3.2e-16      0.00 7.071e-01 2.781e-01 2.655e-03 7.163e-04 6.496e-03 -1.000 1.476e-02 10.845 17.216 15.487 13.866 12.369 10.640 8.942 8.315 8.024
0.01471 0.00000 9.84510 0.2500000000 1.8403258324    0.250 -2.220  3.4932  4.981    1  0.000  0.545     0.00     0.00 -1 -4.88e-16      0.00 7.064e-01 2.788e-01 2.655e-03 7.163e-04 6.496e-03 -1.000 1.476e-02 10.321 16.110 14.527 12.941 11.577 10.001 8.460 7.830 7.549
0.01471 0.00000 9.84510 0.3000000119 1.9529139996    0.300 -2.057  3.5038  4.940    1  0.000  0.545     0.00     0.00 -1 -2.32e-16      0.00 7.061e-01 2.791e-01 2.655e-03 7.163e-04 6.496e-03 -1.000 1.476e-02 9.913 15.382 13.877 12.323 11.031 9.536 8.076 7.444 7.172
0.01471 0.00000 9.84510 0.3500000238 2.0434176922    0.350 -1.906  3.5124  4.890    1  0.000  0.545     0.00     0.00 -1 -7.09e-16      0.00 7.105e-01 2.748e-01 2.655e-03 7.163e-04 6.496e-03 -1.000 1.476e-02 9.535 14.764 13.315 11.789 10.549 9.117 7.718 7.082 6.816
0.01471 0.00000 9.84510 0.4000000358 2.1185026169    0.400 -1.762  3.5234  4.847    1  0.000  0.545     0.00     0.00 -1  -1.3e-15      0.00 7.106e-01 2.746e-01 2.655e-03 7.163e-04 6.496e-03 -1.000 1.476e-02 9.174 14.150 12.747 11.248 10.066 8.712 7.384 6.741 6.485
0.01471 0.00000 9.84510 0.4500000179 2.1822810173    0.450 -1.612  3.5357  4.798    1  0.000  0.545     0.00     0.00 -1 -1.83e-15      0.00 7.107e-01 2.745e-01 2.655e-03 7.163e-04 6.496e-03 -1.000 1.476e-02 8.799 13.542 12.168 10.698 9.571 8.297 7.040 6.388 6.142
0.01471 0.00000 9.84510 0.5000000000 2.2374541759    0.500 -1.454  3.5510  4.747    1  0.000  0.545     0.00     0.00 -1 -2.65e-15      0.00 7.107e-01 2.745e-01 2.655e-03 7.163e-04 6.496e-03 -1.000 1.476e-02 8.405 12.914 11.552 10.109 9.039 7.862 6.684 6.021 5.787
0.01471 0.00000 9.84510 0.5500000119 2.2836582661    0.550 -1.281  3.5708  4.695    1  0.000  0.545     0.00     0.00 -1 -3.98e-15      0.00 7.269e-01 2.591e-01 2.515e-03 6.788e-04 6.157e-03 -1.000 1.400e-02 7.974 12.239 10.862 9.439 8.430 7.389 6.307 5.630 5.413
0.01471 0.00000 9.84510 0.6000000238 2.3211214542    0.600 -1.111  3.5953  4.660    1  0.000  0.545     0.00     0.00 -1 -5.88e-15      0.00 7.293e-01 2.568e-01 2.496e-03 6.736e-04 6.111e-03 -1.000 1.389e-02 7.547 11.556 10.149 8.761 7.812 6.930 5.945 5.249 5.066
0.01471 0.00000 9.84510 0.6499999762 2.3520355225    0.650 -0.938  3.6249  4.640    1  0.000  0.544     0.00     0.00 -1  -8.6e-15      0.00 7.316e-01 2.546e-01 2.478e-03 6.688e-04 6.068e-03 -1.000 1.381e-02 7.114 10.814 9.370 8.070 7.193 6.472 5.580 4.884 4.748
0.01471 0.00000 9.84510 0.6548643112 2.3547544479    0.655 -0.921  3.6279  4.639    1  0.000  0.544     0.00     0.00 -1 -8.92e-15      0.00 7.318e-01 2.544e-01 2.476e-03 6.683e-04 6.064e-03 -1.000 1.379e-02 7.072 10.735 9.290 8.001 7.133 6.428 5.545 4.852 4.721
0.01471 0.00000 9.84510 0.7000000477 2.3779268265    0.700 -0.770  3.6550  4.626    1  0.000  0.544     0.00     0.00 -1 -1.24e-14      0.00 7.337e-01 2.526e-01 2.461e-03 6.643e-04 6.028e-03 -1.000 1.367e-02 6.696 9.860 8.550 7.387 6.609 6.035 5.242 4.596 4.496
0.01471 0.00000 9.84510 0.7248414159 2.3892738819    0.725 -0.689  3.6697  4.618    1  0.000  0.541     0.00     0.00 -1 -1.48e-14      0.00 7.349e-01 2.514e-01 2.435e-03 6.613e-04 6.006e-03 -1.000 1.365e-02 6.492 9.319 8.155 7.066 6.346 5.823 5.082 4.480 4.391
0.01471 0.00000 9.84510 0.7500000000 2.3998889923    0.750 -0.608  3.6840  4.609    1  0.000  0.537     0.00     0.00 -1 -1.77e-14      0.00 7.361e-01 2.504e-01 2.409e-03 6.584e-04 5.984e-03 -1.000 1.355e-02 6.291 8.792 7.785 6.764 6.102 5.614 4.925 4.372 4.289
0.01471 0.00000 9.84510 0.7543006539 2.4016222954    0.754 -0.595  3.6860  4.606    1  0.000  0.537     0.00     0.00 -1 -1.83e-14      0.00 7.364e-01 2.501e-01 2.407e-03 6.578e-04 5.978e-03 -1.000 1.354e-02 6.257 8.719 7.730 6.719 6.064 5.581 4.898 4.351 4.269
0.01471 0.00000 9.84510 0.7846656442 2.4132411480    0.784 -0.502  3.6997  4.586    1  0.000  0.537     0.00     0.00 -1 -2.27e-14      0.00 7.384e-01 2.482e-01 2.391e-03 6.535e-04 5.940e-03 -1.000 1.348e-02 6.026 8.199 7.356 6.406 5.803 5.349 4.713 4.206 4.132
0.01471 0.00000 9.84510 0.8000000119 2.4187245369    0.800 -0.456  3.7065  4.575    1  0.000  0.537     0.00     0.00 -1 -2.53e-14      0.00 7.394e-01 2.472e-01 2.383e-03 6.514e-04 5.921e-03 -1.000 1.342e-02 5.910 7.952 7.179 6.256 5.676 5.235 4.621 4.135 4.063
0.01471 0.00000 9.84510 0.8253658414 2.4272830486    0.825 -0.380  3.7172  4.555    1  0.000  0.537     0.00     0.00 -1 -3.04e-14      0.00 7.413e-01 2.453e-01 2.367e-03 6.472e-04 5.883e-03 -1.000 1.337e-02 5.719 7.559 6.894 6.015 5.469 5.048 4.469 4.013 3.945
0.01471 0.00000 9.84510 0.8490858674 2.4347562790    0.848 -0.309  3.7268  4.535    1  0.000  0.536     0.00     0.00 -1 -3.61e-14      0.00 7.432e-01 2.435e-01 2.352e-03 6.432e-04 5.848e-03 -1.000 1.332e-02 5.542 7.212 6.642 5.799 5.282 4.876 4.327 3.897 3.833
0.01471 0.00000 9.84510 0.8500000238 2.4350347519    0.849 -0.306  3.7272  4.534    1  0.000  0.536     0.00     0.00 -1 -3.64e-14      0.00 7.432e-01 2.434e-01 2.352e-03 6.430e-04 5.846e-03 -1.000 1.332e-02 5.535 7.198 6.633 5.791 5.275 4.870 4.322 3.893 3.828
0.01471 0.00000 9.84510 0.8685012460 2.4405252934    0.868 -0.250  3.7341  4.515    1  0.000  0.536     0.00     0.00 -1 -4.17e-14      0.00 7.450e-01 2.418e-01 2.338e-03 6.392e-04 5.812e-03 -1.000 1.321e-02 5.396 6.942 6.442 5.627 5.130 4.737 4.210 3.799 3.738
0.01471 0.00000 9.84510 0.8905233145 2.4467201233    0.890 -0.184  3.7420  4.492    1  0.000  0.536     0.00     0.00 -1 -4.93e-14      0.00 7.472e-01 2.397e-01 2.321e-03 6.346e-04 5.771e-03 -1.000 1.310e-02 5.231 6.642 6.217 5.435 4.961 4.581 4.078 3.687 3.629
0.01471 0.00000 9.84510 0.8999999762 2.4492788315    0.899 -0.156  3.7453  4.481    1  0.000  0.536     0.00     0.00 -1  -5.3e-14      0.00 7.481e-01 2.388e-01 2.313e-03 6.326e-04 5.753e-03 -1.000 1.307e-02 5.159 6.512 6.122 5.354 4.890 4.515 4.022 3.638 3.582
0.01471 0.00000 9.84510 0.9041506648 2.4503800869    0.903 -0.143  3.7467  4.476    1  0.000  0.536     0.00     0.00 -1 -5.48e-14      0.00 7.486e-01 2.383e-01 2.309e-03 6.315e-04 5.743e-03 -1.000 1.305e-02 5.128 6.456 6.081 5.318 4.859 4.486 3.997 3.616 3.560
0.01471 0.00000 9.84510 0.9177020192 2.4538958073    0.917 -0.102  3.7510  4.458    1  0.000  0.536     0.00     0.00 -1 -6.11e-14      0.00 7.503e-01 2.367e-01 2.296e-03 6.279e-04 5.711e-03 -1.000 1.300e-02 5.024 6.280 5.948 5.203 4.756 4.390 3.913 3.542 3.488
0.01471 0.00000 9.84510 0.9301835895 2.4570300579    0.929 -0.064  3.7548  4.441    1  0.000  0.536     0.00     0.00 -1 -6.75e-14      0.00 7.519e-01 2.352e-01 2.283e-03 6.245e-04 5.681e-03 -1.000 1.292e-02 4.929 6.125 5.828 5.099 4.662 4.301 3.834 3.472 3.420
0.01471 0.00000 9.84510 0.9422552586 2.4599709511    0.941 -0.027  3.7583  4.424    1  0.000  0.536     0.00     0.00 -1 -7.45e-14      0.00 7.535e-01 2.337e-01 2.271e-03 6.212e-04 5.651e-03 -1.000 1.283e-02 4.836 5.978 5.713 4.998 4.570 4.215 3.758 3.403 3.353
0.01471 0.00000 9.84510 0.9499999881 2.4618122578    0.949 -0.002  3.7605  4.412    1  0.000  0.536     0.00     0.00 -1 -7.95e-14      0.00 7.544e-01 2.327e-01 2.263e-03 6.191e-04 5.632e-03 -1.000 1.281e-02 4.776 5.885 5.638 4.933 4.511 4.159 3.707 3.358 3.309
0.01471 0.00000 9.84510 0.9640749097 2.4650719166    0.963  0.042  3.7641  4.389    1  0.000  0.536     0.00     0.00 -1 -8.97e-14      0.00 7.568e-01 2.305e-01 2.244e-03 6.140e-04 5.586e-03 -1.000 1.273e-02 4.666 5.724 5.506 4.816 4.403 4.057 3.615 3.273 3.226
0.01471 0.00000 9.84510 0.9746462107 2.4674491882    0.974  0.075  3.7666  4.370    1  0.000  0.536     0.00     0.00 -1 -9.86e-14      0.00 7.586e-01 2.288e-01 2.230e-03 6.101e-04 5.551e-03 -1.000 1.263e-02 4.582 5.605 5.406 4.727 4.320 3.979 3.544 3.208 3.162
0.01471 0.00000 9.84510 0.9936230779 2.4715707302    0.993  0.135  3.7707  4.335    1  0.000  0.535     0.00     0.00 -1 -1.17e-13      0.00 7.619e-01 2.256e-01 2.203e-03 6.030e-04 5.488e-03 -1.000 1.248e-02 4.432 5.399 5.229 4.568 4.173 3.838 3.413 3.086 3.042
0.01471 0.00000 9.84510 1.0000000000 2.4729156494    1.000  0.155  3.7719  4.322    1  0.000  0.535     0.00     0.00 -1 -1.24e-13      0.00 7.631e-01 2.245e-01 2.194e-03 6.006e-04 5.466e-03 -1.000 1.244e-02 4.382 5.334 5.172 4.516 4.124 3.791 3.369 3.045 3.001
0.01471 0.00000 9.84510 1.0033476353 2.4736137390    1.003  0.166  3.7725  4.315    1  0.000  0.535     0.00     0.00 -1 -1.27e-13      0.00 7.638e-01 2.238e-01 2.188e-03 5.989e-04 5.451e-03 -1.000 1.241e-02 4.356 5.301 5.142 4.489 4.098 3.766 3.346 3.023 2.980
0.01471 0.00000 9.84510 1.0131305456 2.4756233692    1.012  0.196  3.7738  4.295    1  0.000  0.535     0.00     0.00 -1 -1.37e-13      0.00 7.660e-01 2.217e-01 2.171e-03 5.944e-04 5.411e-03 -1.000 1.232e-02 4.280 5.208 5.058 4.411 4.024 3.694 3.277 2.957 2.914
0.01471 0.00000 9.84510 1.0287266970 2.4787364006    1.028  0.246  3.7757  4.258    1  0.000  0.535     0.00     0.00 -1 -1.55e-13      0.00 7.687e-01 2.191e-01 2.150e-03 5.887e-04 5.360e-03 -1.000 1.221e-02 4.154 5.057 4.919 4.281 3.899 3.572 3.161 2.845 2.803
0.01471 0.00000 9.84510 1.0412349701 2.4811556339    1.040  0.290  3.7771  4.226    1  0.000  0.535     0.00     0.00 -1 -1.74e-13      0.00 7.693e-01 2.185e-01 2.146e-03 5.876e-04 5.350e-03 -1.000 1.220e-02 4.046 4.932 4.802 4.171 3.792 3.468 3.060 2.748 2.706
0.01471 0.00000 9.84510 1.0499999523 2.4828116894    1.049  0.321  3.7777  4.200    1  0.000  0.535     0.00     0.00 -1 -1.89e-13      0.00 7.692e-01 2.186e-01 2.148e-03 5.881e-04 5.354e-03 -1.000 1.219e-02 3.967 4.846 4.719 4.091 3.714 3.391 2.984 2.673 2.632
0.01471 0.00000 9.84510 1.0514956713 2.4830911160    1.050  0.327  3.7778  4.196    1  0.000  0.535     0.00     0.00 -1 -1.91e-13      0.00 7.693e-01 2.185e-01 2.147e-03 5.880e-04 5.353e-03 -1.000 1.218e-02 3.954 4.831 4.704 4.077 3.701 3.378 2.971 2.660 2.619
0.01471 0.00000 9.84510 1.0612274408 2.4848868847    1.060  0.363  3.7778  4.163    1  0.000  0.535     0.00     0.00 -1 -2.12e-13      0.00 7.694e-01 2.184e-01 2.149e-03 5.884e-04 5.358e-03 -1.000 1.221e-02 3.862 4.737 4.611 3.985 3.609 3.286 2.880 2.569 2.528
0.01471 0.00000 9.84510 1.0694681406 2.4863781929    1.068  0.395  3.7774  4.133    1  0.000  0.535     0.00     0.00 -1 -2.32e-13      0.00 7.688e-01 2.189e-01 2.156e-03 5.905e-04 5.377e-03 -1.000 1.225e-02 3.782 4.662 4.533 3.905 3.528 3.205 2.798 2.486 2.445
0.01471 0.00000 9.84510 1.0797702074 2.4882056713    1.078  0.436  3.7761  4.091    1  0.000  0.534     0.00     0.00 -1 -2.62e-13      0.00 7.671e-01 2.205e-01 2.174e-03 5.955e-04 5.423e-03 -1.000 1.238e-02 3.679 4.574 4.437 3.805 3.426 3.100 2.689 2.375 2.333
0.01471 0.00000 9.84510 1.0887638330 2.4897687435    1.087  0.473  3.7731  4.045    2  0.000  0.534     0.00     0.00 -1 -2.95e-13      0.00 7.614e-01 2.259e-01 2.225e-03 6.095e-04 5.551e-03 -1.000 1.264e-02 3.587 4.517 4.362 3.717 3.332 3.002 2.582 2.261 2.218
0.01471 0.00000 9.84510 1.0968858004 2.4911549091    1.095  0.505  3.7679  3.997    2  0.000  0.535     0.00     0.00 -1  -3.3e-13      0.00 7.535e-01 2.335e-01 2.291e-03 6.275e-04 5.713e-03 -1.000 1.298e-02 3.509 4.498 4.313 3.647 3.250 2.912 2.479 2.147 2.101
0.01471 0.00000 9.84510 1.1000000238 2.4916803837    1.098  0.516  3.7654  3.976    2  0.000  0.535     0.00     0.00 -1 -3.45e-13      0.00 7.499e-01 2.369e-01 2.321e-03 6.355e-04 5.785e-03 -1.000 1.314e-02 3.480 4.502 4.300 3.624 3.221 2.879 2.438 2.101 2.054
0.01471 0.00000 9.84510 1.1063786745 2.4927456379    1.105  0.532  3.7560  3.925    2  0.000  0.536     0.00     0.00 -1 -3.75e-13      0.00 7.402e-01 2.463e-01 2.398e-03 6.563e-04 5.969e-03 -1.000 1.356e-02 3.440 4.583 4.318 3.604 3.179 2.821 2.355 1.996 1.945
0.01471 0.00000 9.84510 1.1102845669 2.4933910370    1.109  0.529  3.7453  3.887    2  0.000  0.536     0.00     0.00 -1 -3.87e-13      0.00 7.326e-01 2.535e-01 2.455e-03 6.717e-04 6.106e-03 -1.000 1.388e-02 3.447 4.742 4.395 3.637 3.187 2.812 2.315 1.930 1.875
0.01471 0.00000 9.84510 1.1126388311 2.4937775135    1.111  0.518  3.7353  3.859    2  0.000  0.536     0.00     0.00 -1 -3.88e-13      0.00 7.279e-01 2.581e-01 2.490e-03 6.811e-04 6.190e-03 -1.000 1.407e-02 3.475 4.913 4.488 3.694 3.219 2.829 2.303 1.892 1.833
0.01471 0.00000 9.84510 1.1142822504 2.4940459728    1.112  0.509  3.7269  3.835    2  0.000  0.537     0.00     0.00 -1  -3.9e-13      0.00 7.249e-01 2.609e-01 2.512e-03 6.870e-04 6.241e-03 -1.000 1.420e-02 3.497 5.064 4.572 3.744 3.249 2.845 2.292 1.859 1.797
0.01471 0.00000 9.84510 1.1158354282 2.4942991734    1.114  0.507  3.7188  3.805    2  0.000  0.537     0.00     0.00 -1 -3.99e-13      0.00 7.224e-01 2.633e-01 2.529e-03 6.916e-04 6.282e-03 -1.000 1.429e-02 3.502 5.197 4.637 3.779 3.263 2.845 2.266 1.811 1.746
0.01471 0.00000 9.84510 1.1176941395 2.4946010113    1.116  0.519  3.7103  3.760    2  0.000  0.537     0.00     0.00 -1 -4.29e-13      0.00 7.197e-01 2.659e-01 2.546e-03 6.961e-04 6.322e-03 -1.000 1.437e-02 3.473 5.308 4.674 3.784 3.246 2.813 2.205 1.726 1.658
0.01471 0.00000 9.84510 1.1195052862 2.4948940277    1.118  0.547  3.7037  3.707    2  0.000  0.537     0.00     0.00 -1 -4.84e-13      0.00 7.171e-01 2.684e-01 2.560e-03 6.998e-04 6.353e-03 -1.000 1.443e-02 3.404 5.350 4.659 3.744 3.188 2.743 2.114 1.615 1.544
0.01471 0.00000 9.84510 1.1200213432 2.4949772358    1.118  0.557  3.7022  3.690    2  0.000  0.537     0.00     0.00 -1 -5.05e-13      0.00 7.164e-01 2.692e-01 2.563e-03 7.007e-04 6.362e-03 -1.000 1.445e-02 3.377 5.348 4.646 3.724 3.164 2.716 2.082 1.579 1.507
0.01471 0.00000 9.84510 1.1205600500 2.4950640202    1.119  0.571  3.7011  3.671    2  0.000  0.537     0.00     0.00 -1 -5.33e-13      0.00 7.155e-01 2.700e-01 2.565e-03 7.017e-04 6.368e-03 -1.000 1.445e-02 3.341 5.331 4.619 3.693 3.130 2.681 2.042 1.536 1.464
0.01471 0.00000 9.84510 1.1221131086 2.4953138828    1.120  0.616  3.6981  3.615    3  0.000  0.535     0.00     0.00 -1 -6.26e-13      0.00 7.128e-01 2.727e-01 2.563e-03 7.068e-04 6.387e-03 -1.000 1.449e-02 3.229 5.267 4.532 3.594 3.024 2.569 1.919 1.404 1.331
0.01471 0.00000 9.84510 1.1233519316 2.4955124855    1.121  0.657  3.6962  3.567    3  0.000  0.529     0.00     0.00 -1 -7.24e-13      0.00 7.102e-01 2.752e-01 2.539e-03 7.252e-04 6.399e-03 -1.000 1.456e-02 3.127 5.195 4.447 3.502 2.927 2.468 1.811 1.290 1.216
0.01471 0.00000 9.84510 1.1247932911 2.4957430363    1.123  0.709  3.6943  3.508    3  0.000  0.513     0.00     0.00 -1  -8.7e-13      0.00 7.068e-01 2.786e-01 2.465e-03 7.965e-04 6.412e-03 -1.000 1.463e-02 2.997 5.094 4.333 3.380 2.802 2.339 1.675 1.148 1.073
0.01471 0.00000 9.84510 1.1258590221 2.4959132671    1.124  0.752  3.6929  3.461    3  0.000  0.494     0.00     0.00 -1 -1.01e-12      0.00 7.040e-01 2.813e-01 2.377e-03 8.997e-04 6.419e-03 -1.000 1.464e-02 2.890 5.010 4.238 3.280 2.698 2.232 1.564 1.033 0.958
0.01471 0.00000 9.84510 1.1270532608 2.4961032867    1.125  0.803  3.6914  3.404    3  0.000  0.474     0.00     0.00 -1 -1.21e-12      0.00 7.010e-01 2.843e-01 2.283e-03 1.017e-03 6.426e-03 -1.000 1.466e-02 2.762 4.910 4.124 3.158 2.573 2.104 1.430 0.895 0.819
0.01471 0.00000 9.84510 1.1279644966 2.4962480068    1.126  0.846  3.6902  3.356    3  0.000  0.461     0.00     0.00 -1 -1.41e-12      0.00 6.988e-01 2.865e-01 2.225e-03 1.091e-03 6.431e-03 -1.000 1.466e-02 2.654 4.825 4.028 3.056 2.467 1.996 1.318 0.779 0.703
0.01471 0.00000 9.84510 1.1288156509 2.4963829517    1.127  0.890  3.6889  3.308    3  0.000  0.452     0.00     0.00 -1 -1.65e-12      0.00 6.968e-01 2.885e-01 2.181e-03 1.147e-03 6.434e-03 -1.000 1.467e-02 2.546 4.741 3.933 2.954 2.363 1.889 1.206 0.664 0.587
0.01471 0.00000 9.84510 1.1295557022 2.4965000153    1.127  0.931  3.6877  3.262    3  0.000  0.446     0.00     0.00 -1  -1.9e-12      0.00 6.954e-01 2.899e-01 2.151e-03 1.185e-03 6.436e-03 -1.000 1.470e-02 2.444 4.663 3.844 2.858 2.263 1.787 1.099 0.554 0.476
0.01471 0.00000 9.84510 1.1304446459 2.4966406822    1.128  0.984  3.6859  3.202    3  0.000  0.440     0.00     0.00 -1  -2.3e-12      0.00 6.939e-01 2.914e-01 2.124e-03 1.220e-03 6.439e-03 -1.000 1.470e-02 2.311 4.563 3.729 2.734 2.135 1.654 0.960 0.410 0.331
0.01471 0.00000 9.84510 1.1310636997 2.4967381954    1.129  1.024  3.6845  3.156    3  0.000  0.436     0.00     0.00 -1 -2.66e-12      0.00 6.929e-01 2.923e-01 2.108e-03 1.240e-03 6.440e-03 -1.000 1.471e-02 2.209 4.490 3.642 2.640 2.037 1.554 0.854 0.300 0.221
0.01471 0.00000 9.84510 1.1317801476 2.4968512058    1.130  1.075  3.6826  3.098    3  0.000  0.433     0.00     0.00 -1 -3.19e-12      0.00 6.921e-01 2.932e-01 2.094e-03 1.258e-03 6.442e-03 -1.000 1.474e-02 2.082 4.400 3.534 2.523 1.915 1.427 0.721 0.161 0.081
0.01471 0.00000 9.84510 1.1323138475 2.4969351292    1.130  1.116  3.6810  3.051    3  0.000  0.432     0.00     0.00 -1  -3.7e-12      0.00 6.916e-01 2.937e-01 2.086e-03 1.268e-03 6.442e-03 -1.000 1.472e-02 1.979 4.330 3.448 2.428 1.816 1.325 0.612 0.048 -0.033
0.01471 0.00000 9.84510 1.1329126358 2.4970293045    1.131  1.167  3.6789  2.992    3  0.000  0.430     0.00     0.00 -1 -4.44e-12      0.00 6.912e-01 2.941e-01 2.080e-03 1.277e-03 6.443e-03 -1.000 1.473e-02 1.853 4.246 3.343 2.313 1.695 1.199 0.479 -0.092 -0.174
0.01471 0.00000 9.84510 1.1334642172 2.4971158504    1.131  1.219  3.6767  2.932    3  0.000  0.430     0.00     0.00 -1 -5.36e-12      0.00 6.910e-01 2.943e-01 2.077e-03 1.281e-03 6.443e-03 -1.000 1.472e-02 1.723 4.163 3.237 2.196 1.572 1.072 0.343 -0.235 -0.318
0.01471 0.00000 9.84510 1.1339423656 2.4971909523    1.131  1.268  3.6745  2.873    3  0.000  0.429     0.00     0.00 -1 -6.42e-12      0.00 6.910e-01 2.943e-01 2.075e-03 1.282e-03 6.443e-03 -1.000 1.471e-02 1.599 4.085 3.137 2.086 1.455 0.950 0.212 -0.372 -0.457
0.01471 0.00000 9.84510 1.1343798637 2.4972593784    1.132  1.318  3.6721  2.814    3  0.000  0.429     0.00     0.00 -1  -7.7e-12      0.00 6.909e-01 2.943e-01 2.075e-03 1.283e-03 6.443e-03 -1.000 1.471e-02 1.475 4.009 3.037 1.974 1.337 0.827 0.080 -0.511 -0.597
0.01471 0.00000 9.84510 1.1347849369 2.4973227978    1.132  1.369  3.6697  2.754    3  0.000  0.429     0.00     0.00 -1 -9.27e-12      0.00 6.909e-01 2.944e-01 2.075e-03 1.283e-03 6.443e-03 -1.000 1.471e-02 1.348 3.933 2.936 1.862 1.218 0.703 -0.053 -0.652 -0.740
0.01471 0.00000 9.84510 1.1351376772 2.4973781109    1.132  1.416  3.6672  2.697    3  0.000  0.429     0.00     0.00 -1 -1.11e-11      0.00 6.909e-01 2.944e-01 2.074e-03 1.284e-03 6.443e-03 -1.000 1.471e-02 1.229 3.866 2.843 1.758 1.107 0.586 -0.179 -0.786 -0.875
0.01471 0.00000 9.84510 1.1354759932 2.4974310398    1.133  1.466  3.6647  2.637    3  0.000  0.429     0.00     0.00 -1 -1.33e-11      0.00 6.909e-01 2.944e-01 2.074e-03 1.284e-03 6.443e-03 -1.000 1.471e-02 1.105 3.798 2.748 1.651 0.992 0.465 -0.310 -0.925 -1.016
0.01471 0.00000 9.84510 1.1357831955 2.4974789619    1.133  1.513  3.6621  2.579    3  0.000  0.429     0.00     0.00 -1 -1.58e-11      0.00 6.909e-01 2.944e-01 2.074e-03 1.285e-03 6.443e-03 -1.000 1.471e-02 0.987 3.734 2.658 1.548 0.882 0.349 -0.436 -1.058 -1.151
0.01471 0.00000 9.84510 1.1360846758 2.4975259304    1.133  1.558  3.6596  2.525    3  0.000  0.429     0.00     0.00 -1 -1.87e-11      0.00 6.909e-01 2.944e-01 2.073e-03 1.285e-03 6.443e-03 -1.000 1.471e-02 0.875 3.675 2.573 1.452 0.778 0.240 -0.555 -1.185 -1.279
0.01471 0.00000 9.84510 1.1364773512 2.4975872040    1.133  1.602  3.6573  2.472    3  0.000  0.429     0.00     0.00 -1  -2.2e-11      0.00 6.909e-01 2.944e-01 2.073e-03 1.286e-03 6.444e-03 -1.000 1.471e-02 0.766 3.627 2.494 1.359 0.678 0.134 -0.670 -1.307 -1.403
0.01471 0.00000 9.84510 1.1367120743 2.4976239204    1.133  1.572  3.6594  2.510    3  0.000  0.429     0.00     0.00 -1 -1.99e-11      0.00 6.909e-01 2.944e-01 2.073e-03 1.286e-03 6.444e-03 -1.000 1.471e-02 0.840 3.646 2.541 1.419 0.745 0.206 -0.590 -1.221 -1.315
0.01471 0.00000 9.84510 1.1368643045 2.4976475239    1.134  1.533  3.6620  2.560    3  0.000  0.429     0.00     0.00 -1 -1.72e-11      0.00 6.909e-01 2.944e-01 2.073e-03 1.286e-03 6.444e-03 -1.000 1.471e-02 0.938 3.688 2.611 1.500 0.834 0.301 -0.485 -1.107 -1.200
0.01471 0.00000 9.84510 1.1368974447 2.4976527691    1.134  1.524  3.6625  2.570    3  0.000  0.429     0.00     0.00 -1 -1.66e-11      0.00 6.909e-01 2.944e-01 2.072e-03 1.286e-03 6.444e-03 -1.000 1.471e-02 0.959 3.697 2.625 1.517 0.853 0.321 -0.463 -1.084 -1.176
0.01471 0.00000 9.84510 1.1369885206 2.4976670742    1.134  1.542  3.6615  2.548    3  0.000  0.429     0.00     0.00 -1 -1.76e-11      0.00 6.909e-01 2.944e-01 2.072e-03 1.286e-03 6.444e-03 -1.000 1.471e-02 0.914 3.674 2.592 1.479 0.812 0.278 -0.510 -1.134 -1.227
0.01471 0.00000 9.84510 1.1372293234 2.4977045059    1.134  1.590  3.6587  2.489    3  0.000  0.429     0.00     0.00 -1 -2.09e-11      0.00 6.909e-01 2.944e-01 2.072e-03 1.287e-03 6.444e-03 -1.000 1.471e-02 0.795 3.618 2.504 1.378 0.702 0.161 -0.637 -1.270 -1.365
0.01471 0.00000 9.84510 1.1374666691 2.4977414608    1.134  1.638  3.6560  2.431    3  0.000  0.429     0.00     0.00 -1 -2.49e-11      0.00 6.909e-01 2.944e-01 2.072e-03 1.287e-03 6.444e-03 -1.000 1.471e-02 0.675 3.580 2.423 1.278 0.592 0.045 -0.765 -1.406 -1.502
0.01471 0.00000 9.84510 1.1376874447 2.4977757931    1.134  1.685  3.6532  2.372    3  0.000  0.429     0.00     0.00 -1 -2.97e-11      0.00 6.909e-01 2.944e-01 2.072e-03 1.287e-03 6.444e-03 -1.000 1.471e-02 0.557 3.544 2.344 1.180 0.484 -0.071 -0.891 -1.540 -1.639
0.01471 0.00000 9.84510 1.1378866434 2.4978067875    1.134  1.731  3.6504  2.315    3  0.000  0.429     0.00     0.00 -1 -3.53e-11      0.00 6.909e-01 2.944e-01 2.072e-03 1.287e-03 6.444e-03 -1.000 1.471e-02 0.442 3.512 2.268 1.085 0.378 -0.183 -1.015 -1.672 -1.772
0.01471 0.00000 9.84510 1.1380702257 2.4978353977    1.134  1.777  3.6475  2.258    3  0.000  0.429     0.00     0.00 -1 -4.19e-11      0.00 6.909e-01 2.944e-01 2.071e-03 1.288e-03 6.444e-03 -1.000 1.471e-02 0.327 3.484 2.195 0.993 0.275 -0.294 -1.137 -1.803 -1.905
0.01471 0.00000 9.84510 1.1382422447 2.4978621006    1.134  1.824  3.6446  2.199    3  0.000  0.429     0.00     0.00 -1 -4.99e-11      0.00 6.909e-01 2.944e-01 2.071e-03 1.288e-03 6.444e-03 -1.000 1.471e-02 0.211 3.457 2.121 0.899 0.171 -0.407 -1.262 -1.936 -2.041
0.01471 0.00000 9.84510 1.1383951902 2.4978859425    1.134  1.869  3.6418  2.143    3  0.000  0.428     0.00     0.00 -1  -5.9e-11      0.00 6.909e-01 2.944e-01 2.071e-03 1.288e-03 6.444e-03 -1.000 1.471e-02 0.098 3.434 2.051 0.810 0.070 -0.515 -1.382 -2.065 -2.172
0.01471 0.00000 9.84510 1.1385378838 2.4979081154    1.134  1.914  3.6388  2.086    3  0.000  0.428     0.00     0.00 -1    -7e-11      0.00 6.909e-01 2.944e-01 2.071e-03 1.288e-03 6.444e-03 -1.000 1.471e-02 -0.015 3.412 1.982 0.722 -0.030 -0.624 -1.503 -2.195 -2.304
0.01471 0.00000 9.84510 1.1386675835 2.4979281425    1.134  1.958  3.6359  2.030    3  0.000  0.428     0.00     0.00 -1 -8.28e-11      0.00 6.909e-01 2.944e-01 2.071e-03 1.288e-03 6.444e-03 -1.000 1.471e-02 -0.126 3.394 1.916 0.636 -0.126 -0.731 -1.622 -2.323 -2.434
0.01471 0.00000 9.84510 1.1387864351 2.4979465008    1.134  2.003  3.6329  1.973    3  0.000  0.428     0.00     0.00 -1 -9.79e-11      0.00 6.909e-01 2.944e-01 2.071e-03 1.289e-03 6.444e-03 -1.000 1.471e-02 -0.237 3.365 1.852 0.550 -0.223 -0.836 -1.740 -2.448 -2.563
0.01471 0.00000 9.84510 1.1388956308 2.4979636669    1.134  2.047  3.6299  1.917    3  0.000  0.428     0.00     0.00 -1 -1.16e-10      0.00 6.909e-01 2.944e-01 2.071e-03 1.289e-03 6.444e-03 -1.000 1.471e-02 -0.348 3.318 1.787 0.461 -0.319 -0.940 -1.857 -2.569 -2.689
0.01471 0.00000 9.84510 1.1389944553 2.4979789257    1.133  2.091  3.6269  1.861    3  0.000  0.428     0.00     0.00 -1 -1.37e-10      0.00 6.909e-01 2.944e-01 2.070e-03 1.289e-03 6.444e-03 -1.000 1.471e-02 -0.457 3.271 1.725 0.377 -0.409 -1.041 -1.971 -2.688 -2.813
0.01471 0.00000 9.84510 1.1390857697 2.4979929924    1.133  2.135  3.6239  1.805    3  0.000  0.428     0.00     0.00 -1 -1.61e-10      0.00 6.909e-01 2.944e-01 2.070e-03 1.289e-03 6.444e-03 -1.000 1.471e-02 -0.567 3.222 1.661 0.293 -0.501 -1.142 -2.086 -2.806 -2.937
0.01471 0.00000 9.84510 1.1391688585 2.4980058670    1.133  2.178  3.6208  1.750    3  0.000  0.428     0.00     0.00 -1  -1.9e-10      0.00 6.909e-01 2.944e-01 2.070e-03 1.289e-03 6.444e-03 -1.000 1.471e-02 -0.674 3.172 1.599 0.209 -0.591 -1.241 -2.198 -2.923 -3.060
0.01471 0.00000 9.84510 1.1392452717 2.4980177879    1.133  2.220  3.6177  1.695    3  0.000  0.428     0.00     0.00 -1 -2.23e-10      0.00 6.909e-01 2.944e-01 2.070e-03 1.289e-03 6.444e-03 -1.000 1.471e-02 -0.781 3.121 1.537 0.129 -0.677 -1.338 -2.310 -3.039 -3.182
0.01471 0.00000 9.84510 1.1393167973 2.4980289936    1.132  2.263  3.6146  1.639    3  0.000  0.428     0.00     0.00 -1 -2.63e-10      0.00 6.909e-01 2.944e-01 2.070e-03 1.289e-03 6.444e-03 -1.000 1.470e-02 -0.888 3.067 1.475 0.049 -0.765 -1.436 -2.422 -3.156 -3.306
0.01471 0.00000 9.84510 1.1393804550 2.4980387688    1.132  2.305  3.6116  1.585    3  0.000  0.428     0.00     0.00 -1 -3.08e-10      0.00 6.909e-01 2.944e-01 2.070e-03 1.289e-03 6.444e-03 -1.000 1.470e-02 -0.992 3.017 1.415 -0.028 -0.848 -1.529 -2.530 -3.269 -3.425
0.01471 0.00000 9.84510 1.1394413710 2.4980483055    1.132  2.347  3.6084  1.530    3  0.000  0.428     0.00     0.00 -1 -3.62e-10      0.00 6.909e-01 2.944e-01 2.070e-03 1.289e-03 6.444e-03 -1.000 1.470e-02 -1.098 2.965 1.355 -0.105 -0.933 -1.625 -2.641 -3.386 -3.549
0.01471 0.00000 9.84510 1.1394952536 2.4980566502    1.131  2.388  3.6053  1.477    3  0.000  0.428     0.00     0.00 -1 -4.23e-10      0.00 6.909e-01 2.944e-01 2.070e-03 1.290e-03 6.444e-03 -1.000 1.470e-02 -1.200 2.935 1.303 -0.173 -1.011 -1.717 -2.749 -3.500 -3.669
0.01471 0.00000 9.84510 1.1395452023 2.4980642796    1.131  2.429  3.6021  1.423    3  0.000  0.428     0.00     0.00 -1 -4.95e-10      0.00 6.908e-01 2.944e-01 2.070e-03 1.290e-03 6.444e-03 -1.000 1.470e-02 -1.301 2.935 1.258 -0.237 -1.088 -1.810 -2.857 -3.617 -3.790
0.01471 0.00000 9.84510 1.1395925283 2.4980716705    1.130  2.470  3.5989  1.369    3  0.000  0.428     0.00     0.00 -1  -5.8e-10      0.00 6.908e-01 2.944e-01 2.070e-03 1.290e-03 6.444e-03 -1.000 1.470e-02 -1.405 2.935 1.213 -0.299 -1.164 -1.905 -2.968 -3.737 -3.915
0.01471 0.00000 9.84510 1.1396347284 2.4980781078    1.130  2.510  3.5957  1.316    3  0.000  0.428     0.00     0.00 -1 -6.76e-10      0.00 6.908e-01 2.944e-01 2.070e-03 1.290e-03 6.444e-03 -1.000 1.470e-02 -1.504 2.932 1.173 -0.353 -1.233 -1.995 -3.075 -3.852 -4.035
0.01471 0.00000 9.84510 1.1396740675 2.4980843067    1.129  2.549  3.5925  1.263    3  0.000  0.428     0.00     0.00 -1 -7.88e-10      0.00 6.908e-01 2.944e-01 2.070e-03 1.290e-03 6.444e-03 -1.000 1.470e-02 -1.603 2.931 1.134 -0.407 -1.301 -2.085 -3.182 -3.967 -4.156
0.01471 0.00000 9.84510 1.1397106647 2.4980900288    1.128  2.589  3.5892  1.210    3  0.000  0.428     0.00     0.00 -1  -9.2e-10      0.00 6.908e-01 2.944e-01 2.070e-03 1.290e-03 6.444e-03 -1.000 1.470e-02 -1.702 2.931 1.098 -0.458 -1.367 -2.174 -3.289 -4.083 -4.276
0.01471 0.00000 9.84510 1.1397432089 2.4980950356    1.128  2.626  3.5861  1.160    3  0.000  0.428     0.00     0.00 -1 -1.06e-09      0.00 6.908e-01 2.944e-01 2.070e-03 1.290e-03 6.444e-03 -1.000 1.470e-02 -1.796 2.927 1.068 -0.500 -1.424 -2.258 -3.390 -4.193 -4.391
0.01471 0.00000 9.84510 1.1397740841 2.4980998039    1.127  2.665  3.5827  1.108    3  0.000  0.428     0.00     0.00 -1 -1.24e-09      0.00 6.908e-01 2.945e-01 2.070e-03 1.290e-03 6.444e-03 -1.000 1.470e-02 -1.891 2.927 1.039 -0.540 -1.481 -2.342 -3.493 -4.304 -4.508
0.01471 0.00000 9.84510 1.1398032904 2.4981043339    1.126  2.703  3.5794  1.056    3  0.000  0.428     0.00     0.00 -1 -1.44e-09      0.00 6.908e-01 2.945e-01 2.070e-03 1.290e-03 6.444e-03 -1.000 1.470e-02 -1.987 2.927 1.013 -0.578 -1.535 -2.426 -3.597 -4.417 -4.625
0.01471 0.00000 9.84510 1.1398292780 2.4981083870    1.125  2.739  3.5761  1.007    3  0.000  0.428     0.00     0.00 -1 -1.65e-09      0.00 6.908e-01 2.945e-01 2.070e-03 1.290e-03 6.444e-03 -1.000 1.470e-02 -2.077 2.922 0.996 -0.600 -1.576 -2.504 -3.696 -4.524 -4.737
0.01471 0.00000 9.84510 1.1398596764 2.4981131554    1.124  2.784  3.5720  0.945    3  0.000  0.428     0.00     0.00 -1 -1.97e-09      0.00 6.908e-01 2.945e-01 2.070e-03 1.290e-03 6.444e-03 -1.000 1.470e-02 -2.190 2.924 0.981 -0.624 -1.625 -2.601 -3.820 -4.657 -4.877
0.01471 0.00000 9.84510 1.1398875713 2.4981174469    1.123  2.828  3.5678  0.883    3  0.000  0.428     0.00     0.00 -1 -2.35e-09      0.00 6.908e-01 2.945e-01 2.070e-03 1.290e-03 6.444e-03 -1.000 1.470e-02 -2.301 2.926 0.976 -0.633 -1.662 -2.693 -3.943 -4.789 -5.016
0.01471 0.00000 9.84510 1.1399128437 2.4981212616    1.121  2.872  3.5635  0.822    3  0.000  0.428     0.00     0.00 -1  -2.8e-09      0.00 6.908e-01 2.945e-01 2.070e-03 1.290e-03 6.444e-03 -1.000 1.470e-02 -2.409 2.926 0.980 -0.628 -1.688 -2.780 -4.065 -4.919 -5.152
0.01471 0.00000 9.84510 1.1399364471 2.4981248379    1.120  2.915  3.5593  0.761    3  0.000  0.428     0.00     0.00 -1 -3.32e-09      0.00 6.908e-01 2.945e-01 2.070e-03 1.290e-03 6.444e-03 -1.000 1.470e-02 -2.517 2.927 0.990 -0.617 -1.710 -2.865 -4.185 -5.048 -5.288
0.01471 0.00000 9.84510 1.1399581432 2.4981284142    1.118  2.957  3.5550  0.701    3  0.000  0.428     0.00     0.00 -1 -3.94e-09      0.00 6.908e-01 2.945e-01 2.070e-03 1.290e-03 6.444e-03 -1.000 1.470e-02 -2.622 2.926 1.017 -0.581 -1.715 -2.941 -4.303 -5.174 -5.422
0.01471 0.00000 9.84510 1.1399776936 2.4981312752    1.116  2.997  3.5508  0.643    3  0.000  0.428     0.00     0.00 -1 -4.64e-09      0.00 6.908e-01 2.945e-01 2.070e-03 1.290e-03 6.444e-03 -1.000 1.470e-02 -2.723 2.926 1.047 -0.543 -1.717 -3.014 -4.416 -5.296 -5.550
0.01471 0.00000 9.84510 1.1399962902 2.4981341362    1.114  3.038  3.5465  0.585    3  0.000  0.428     0.00     0.00 -1 -5.47e-09      0.00 6.908e-01 2.945e-01 2.070e-03 1.290e-03 6.444e-03 -1.000 1.470e-02 -2.824 2.925 1.096 -0.478 -1.703 -3.075 -4.531 -5.418 -5.680
0.01471 0.00000 9.84510 1.1400132179 2.4981367588    1.112  3.077  3.5422  0.528    3  0.000  0.428     0.00     0.00 -1 -6.43e-09      0.00 6.908e-01 2.945e-01 2.069e-03 1.290e-03 6.444e-03 -1.000 1.470e-02 -2.922 2.926 1.151 -0.405 -1.683 -3.131 -4.643 -5.537 -5.806
0.01471 0.00000 9.84510 1.1400289536 2.4981391430    1.109  3.115  3.5379  0.471    3  0.000  0.428     0.00     0.00 -1 -7.53e-09      0.00 6.908e-01 2.945e-01 2.069e-03 1.290e-03 6.444e-03 -1.000 1.470e-02 -3.018 2.927 1.221 -0.315 -1.652 -3.177 -4.753 -5.653 -5.930
0.01471 0.00000 9.84510 1.1400434971 2.4981415272    1.106  3.153  3.5336  0.415    3  0.000  0.428     0.00     0.00 -1 -8.81e-09      0.00 6.908e-01 2.945e-01 2.069e-03 1.290e-03 6.444e-03 -1.000 1.470e-02 -3.113 2.929 1.309 -0.203 -1.609 -3.213 -4.863 -5.768 -6.053
0.01471 0.00000 9.84510 1.1400570869 2.4981436729    1.104  3.190  3.5293  0.360    3  0.000  0.428     0.00     0.00 -1 -1.03e-08      0.00 6.908e-01 2.945e-01 2.069e-03 1.290e-03 6.444e-03 -1.000 1.470e-02 -3.206 2.933 1.404 -0.082 -1.560 -3.242 -4.971 -5.881 -6.175
0.01471 0.00000 9.84510 1.1400697231 2.4981455803    1.100  3.226  3.5250  0.305    3  0.000  0.428     0.00     0.00 -1  -1.2e-08      0.00 6.908e-01 2.945e-01 2.069e-03 1.290e-03 6.444e-03 -1.000 1.470e-02 -3.295 2.937 1.526 0.070 -1.493 -3.245 -5.075 -5.990 -6.293
0.01471 0.00000 9.84510 1.1400815248 2.4981474876    1.097  3.261  3.5207  0.252    3  0.000  0.428     0.00     0.00 -1 -1.39e-08      0.00 6.908e-01 2.945e-01 2.069e-03 1.290e-03 6.444e-03 -1.000 1.470e-02 -3.384 2.943 1.652 0.226 -1.423 -3.245 -5.178 -6.097 -6.409
0.01471 0.00000 9.84510 1.1400924921 2.4981491566    1.093  3.296  3.5164  0.199    3  0.000  0.428     0.00     0.00 -1 -1.62e-08      0.00 6.908e-01 2.945e-01 2.069e-03 1.290e-03 6.444e-03 -1.000 1.470e-02 -3.469 2.950 1.805 0.425 -1.327 -3.213 -5.278 -6.202 -6.522
0.01471 0.00000 9.84510 1.1401028633 2.4981505871    1.089  3.329  3.5122  0.147    3  0.000  0.428     0.00     0.00 -1 -1.87e-08      0.00 6.908e-01 2.945e-01 2.069e-03 1.290e-03 6.444e-03 -1.000 1.470e-02 -3.553 2.959 1.966 0.633 -1.223 -3.172 -5.376 -6.304 -6.633
0.01471 0.00000 9.84510 1.1401126385 2.4981522560    1.085  3.362  3.5080  0.095    3  0.000  0.428     0.00     0.00 -1 -2.16e-08      0.00 6.908e-01 2.945e-01 2.069e-03 1.290e-03 6.444e-03 -1.000 1.470e-02 -3.635 2.963 2.108 0.818 -1.132 -3.133 -5.471 -6.403 -6.741
0.01471 0.00000 9.84510 1.1401247978 2.4981541634    1.079  3.400  3.5030  0.034    3  0.000  0.428     0.00     0.00 -1 -2.58e-08      0.00 6.908e-01 2.945e-01 2.069e-03 1.290e-03 6.444e-03 -1.000 1.470e-02 -3.731 2.967 2.272 1.029 -1.026 -3.082 -5.583 -6.520 -6.867
0.01471 0.00000 9.84510 1.1401247978 2.4981541634    1.078  1.705  3.6694  2.395    4  0.000  0.444     0.00     0.00 -1    -1e-30      0.00 6.924e-01 2.929e-01 2.142e-03 1.195e-03 6.433e-03 -1.000 1.471e-02 0.508 3.110 2.105 1.015 0.378 -0.138 -0.897 -1.492 -1.580
0.01471 0.00000 9.84510 1.1402578354 2.4981746674    1.078  1.714  3.6686  2.383    4  0.000  0.444     0.00     0.00 -1    -1e-30      0.00 6.924e-01 2.929e-01 2.142e-03 1.196e-03 6.433e-03 -1.000 1.471e-02 0.484 3.106 2.091 0.996 0.357 -0.161 -0.923 -1.520 -1.608
0.01471 0.00000 9.84510 1.1403944492 2.4981958866    1.079  1.719  3.6684  2.378    4  0.000  0.444     0.00     0.00 -1    -1e-30      0.00 6.924e-01 2.929e-01 2.142e-03 1.196e-03 6.434e-03 -1.000 1.471e-02 0.474 3.102 2.083 0.987 0.347 -0.171 -0.934 -1.532 -1.621
0.01471 0.00000 9.84510 1.1405322552 2.4982171059    1.079  1.718  3.6686  2.379    4  0.000  0.444     0.00     0.00 -1    -1e-30      0.00 6.924e-01 2.929e-01 2.142e-03 1.196e-03 6.434e-03 -1.000 1.471e-02 0.474 3.097 2.081 0.986 0.346 -0.171 -0.933 -1.530 -1.618
0.01471 0.00000 9.84510 1.1406741142 2.4982390404    1.079  1.716  3.6691  2.383    4  0.000  0.444     0.00     0.00 -1    -1e-30      0.00 6.924e-01 2.929e-01 2.142e-03 1.196e-03 6.434e-03 -1.000 1.471e-02 0.479 3.091 2.081 0.988 0.350 -0.166 -0.927 -1.522 -1.611
0.01471 0.00000 9.84510 1.1408154964 2.4982609749    1.079  1.714  3.6695  2.387    4  0.000  0.444     0.00     0.00 -1    -1e-30      0.00 6.924e-01 2.929e-01 2.142e-03 1.196e-03 6.434e-03 -1.000 1.471e-02 0.485 3.085 2.081 0.990 0.354 -0.161 -0.919 -1.513 -1.602
0.01471 0.00000 9.84510 1.1409548521 2.4982824326    1.079  1.712  3.6700  2.392    4  0.000  0.444     0.00     0.00 -1    -1e-30      0.00 6.924e-01 2.929e-01 2.141e-03 1.197e-03 6.434e-03 -1.000 1.471e-02 0.491 3.079 2.081 0.994 0.359 -0.155 -0.912 -1.504 -1.592
0.01471 0.00000 9.84510 1.1410937309 2.4983038902    1.079  1.709  3.6705  2.396    4  0.000  0.444     0.00     0.00 -1    -1e-30      0.00 6.924e-01 2.929e-01 2.141e-03 1.197e-03 6.434e-03 -1.000 1.471e-02 0.497 3.075 2.082 0.997 0.364 -0.149 -0.904 -1.495 -1.583
0.01471 0.00000 9.84510 1.1412369013 2.4983260632    1.080  1.707  3.6709  2.400    4  0.000  0.444     0.00     0.00 -1    -1e-30      0.00 6.924e-01 2.929e-01 2.141e-03 1.197e-03 6.434e-03 -1.000 1.471e-02 0.503 3.070 2.083 1.000 0.369 -0.144 -0.897 -1.487 -1.574
0.01471 0.00000 9.84510 1.1413692236 2.4983465672    1.080  1.705  3.6713  2.404    4  0.000  0.444     0.00     0.00 -1    -1e-30      0.00 6.924e-01 2.929e-01 2.141e-03 1.197e-03 6.434e-03 -1.000 1.471e-02 0.508 3.065 2.084 1.003 0.373 -0.139 -0.891 -1.480 -1.567
0.01471 0.00000 9.84510 1.1415033340 2.4983673096    1.080  1.703  3.6717  2.407    4  0.000  0.444     0.00     0.00 -1    -1e-30      0.00 6.924e-01 2.929e-01 2.141e-03 1.198e-03 6.434e-03 -1.000 1.471e-02 0.512 3.061 2.084 1.005 0.376 -0.135 -0.885 -1.473 -1.560
0.01471 0.00000 9.84510 1.1416379213 2.4983880520    1.080  1.702  3.6720  2.410    4  0.000  0.444     0.00     0.00 -1    -1e-30      0.00 6.924e-01 2.929e-01 2.141e-03 1.198e-03 6.434e-03 -1.000 1.471e-02 0.516 3.057 2.084 1.007 0.379 -0.131 -0.881 -1.468 -1.554
0.01471 0.00000 9.84510 1.1417714357 2.4984085560    1.080  1.700  3.6723  2.412    4  0.000  0.444     0.00     0.00 -1    -1e-30      0.00 6.924e-01 2.929e-01 2.141e-03 1.198e-03 6.434e-03 -1.000 1.471e-02 0.519 3.053 2.084 1.008 0.381 -0.128 -0.877 -1.462 -1.549
0.01471 0.00000 9.84510 1.1419041157 2.4984290600    1.080  1.699  3.6726  2.415    4  0.000  0.444     0.00     0.00 -1    -1e-30      0.00 6.924e-01 2.929e-01 2.140e-03 1.198e-03 6.434e-03 -1.000 1.471e-02 0.522 3.049 2.083 1.009 0.383 -0.126 -0.873 -1.458 -1.545
0.01471 0.00000 9.84510 1.1420452595 2.4984507561    1.081  1.698  3.6728  2.417    4  0.000  0.443     0.00     0.00 -1    -1e-30      0.00 6.924e-01 2.929e-01 2.140e-03 1.198e-03 6.434e-03 -1.000 1.471e-02 0.524 3.045 2.083 1.010 0.385 -0.124 -0.870 -1.454 -1.540
0.01471 0.00000 9.84510 1.1420778036 2.4984557629    1.081  1.698  3.6729  2.417    4  0.000  0.443     0.00     0.00 -1    -1e-30      0.00 6.924e-01 2.929e-01 2.140e-03 1.198e-03 6.434e-03 -1.000 1.471e-02 0.525 3.044 2.083 1.010 0.385 -0.123 -0.869 -1.453 -1.540
0.01471 0.00000 9.84510 1.1422171593 2.4984774590    1.081  1.697  3.6731  2.419    4  0.000  0.443     0.00     0.00 -1    -1e-30      0.00 6.924e-01 2.929e-01 2.140e-03 1.199e-03 6.434e-03 -1.000 1.471e-02 0.526 3.041 2.082 1.010 0.386 -0.122 -0.867 -1.450 -1.536
0.01471 0.00000 9.84510 1.1423504353 2.4984979630    1.081  1.697  3.6733  2.420    4  0.000  0.443     0.00     0.00 -1    -1e-30      0.00 6.924e-01 2.929e-01 2.140e-03 1.199e-03 6.434e-03 -1.000 1.471e-02 0.528 3.038 2.081 1.010 0.387 -0.120 -0.865 -1.448 -1.534
0.01471 0.00000 9.84510 1.1424829960 2.4985182285    1.081  1.697  3.6735  2.421    4  0.000  0.443     0.00     0.00 -1    -1e-30      0.00 6.923e-01 2.929e-01 2.140e-03 1.199e-03 6.434e-03 -1.000 1.471e-02 0.528 3.035 2.080 1.010 0.387 -0.120 -0.864 -1.446 -1.532
0.01471 0.00000 9.84510 1.1426224709 2.4985399246    1.081  1.697  3.6736  2.421    4  0.000  0.443     0.00     0.00 -1    -1e-30      0.00 6.923e-01 2.929e-01 2.139e-03 1.199e-03 6.434e-03 -1.000 1.471e-02 0.528 3.032 2.078 1.009 0.386 -0.120 -0.864 -1.446 -1.532
0.01471 0.00000 9.84510 1.1427545547 2.4985601902    1.081  1.697  3.6737  2.421    4  0.000  0.443     0.00     0.00 -1    -1e-30      0.00 6.923e-01 2.929e-01 2.139e-03 1.200e-03 6.434e-03 -1.000 1.471e-02 0.527 3.029 2.076 1.007 0.385 -0.121 -0.865 -1.446 -1.532
0.01471 0.00000 9.84510 1.1428974867 2.4985821247    1.082  1.698  3.6737  2.421    4  0.000  0.443     0.00     0.00 -1    -1e-30      0.00 6.923e-01 2.929e-01 2.139e-03 1.200e-03 6.434e-03 -1.000 1.471e-02 0.525 3.026 2.074 1.005 0.383 -0.123 -0.866 -1.448 -1.534
0.01471 0.00000 9.84510 1.1430336237 2.4986031055    1.082  1.699  3.6737  2.420    4  0.000  0.443     0.00     0.00 -1    -1e-30      0.00 6.923e-01 2.930e-01 2.139e-03 1.200e-03 6.434e-03 -1.000 1.471e-02 0.522 3.024 2.071 1.002 0.380 -0.126 -0.869 -1.451 -1.537
0.01471 0.00000 9.84510 1.1430423260 2.4986045361    1.082  1.699  3.6737  2.420    4  0.000  0.443     0.00     0.00 -1    -1e-30      0.00 6.923e-01 2.930e-01 2.139e-03 1.200e-03 6.434e-03 -1.000 1.471e-02 0.522 3.024 2.071 1.002 0.380 -0.127 -0.870 -1.451 -1.537
0.01471 0.00000 9.84510 1.1431190968 2.4986162186    1.082  1.700  3.6737  2.419    4  0.000  0.443     0.00     0.00 -1    -1e-30      0.00 6.923e-01 2.930e-01 2.139e-03 1.200e-03 6.434e-03 -1.000 1.471e-02 0.520 3.023 2.069 1.000 0.378 -0.129 -0.872 -1.454 -1.539
0.01471 0.00000 9.84510 1.1432552338 2.4986371994    1.082  1.702  3.6736  2.416    4  0.000  0.443     0.00     0.00 -1    -1e-30      0.00 6.923e-01 2.930e-01 2.139e-03 1.200e-03 6.435e-03 -1.000 1.471e-02 0.515 3.021 2.066 0.996 0.373 -0.133 -0.877 -1.459 -1.545
0.01471 0.00000 9.84510 1.1433877945 2.4986577034    1.082  1.704  3.6734  2.414    4  0.000  0.443     0.00     0.00 -1    -1e-30      0.00 6.923e-01 2.930e-01 2.139e-03 1.201e-03 6.435e-03 -1.000 1.471e-02 0.509 3.019 2.062 0.991 0.368 -0.139 -0.883 -1.466 -1.552
0.01471 0.00000 9.84510 1.1435205936 2.4986779690    1.082  1.707  3.6732  2.410    4  0.000  0.443     0.00     0.00 -1    -1e-30      0.00 6.923e-01 2.930e-01 2.138e-03 1.201e-03 6.435e-03 -1.000 1.471e-02 0.502 3.017 2.057 0.985 0.361 -0.146 -0.891 -1.475 -1.561
0.01471 0.00000 9.84510 1.1436558962 2.4986989498    1.082  1.711  3.6729  2.405    4  0.000  0.443     0.00     0.00 -1    -1e-30      0.00 6.923e-01 2.930e-01 2.138e-03 1.201e-03 6.435e-03 -1.000 1.471e-02 0.492 3.016 2.051 0.977 0.352 -0.156 -0.902 -1.486 -1.572
0.01471 0.00000 9.84510 1.1437914371 2.4987196922    1.083  1.716  3.6725  2.399    4  0.000  0.443     0.00     0.00 -1    -1e-30      0.00 6.923e-01 2.930e-01 2.138e-03 1.201e-03 6.435e-03 -1.000 1.471e-02 0.480 3.014 2.045 0.968 0.342 -0.167 -0.915 -1.500 -1.586
0.01471 0.00000 9.84510 1.1439254284 2.4987401962    1.083  1.721  3.6720  2.391    4  0.000  0.443     0.00     0.00 -1    -1e-30      0.00 6.923e-01 2.930e-01 2.138e-03 1.201e-03 6.435e-03 -1.000 1.471e-02 0.467 3.013 2.037 0.958 0.330 -0.180 -0.930 -1.516 -1.603
0.01471 0.00000 9.84510 1.1440600157 2.4987609386    1.083  1.727  3.6715  2.383    4  0.000  0.443     0.00     0.00 -1    -1e-30      0.00 6.923e-01 2.930e-01 2.138e-03 1.202e-03 6.435e-03 -1.000 1.471e-02 0.452 3.011 2.028 0.946 0.316 -0.195 -0.946 -1.534 -1.621
0.01471 0.00000 9.84510 1.1441929340 2.4987814426    1.083  1.734  3.6708  2.373    4  0.000  0.443     0.00     0.00 -1    -1e-30      0.00 6.923e-01 2.930e-01 2.138e-03 1.202e-03 6.435e-03 -1.000 1.471e-02 0.434 3.010 2.018 0.931 0.300 -0.213 -0.967 -1.557 -1.644
0.01471 0.00000 9.84510 1.1443349123 2.4988031387    1.083  1.743  3.6700  2.362    4  0.000  0.443     0.00     0.00 -1    -1e-30      0.00 6.923e-01 2.930e-01 2.137e-03 1.202e-03 6.435e-03 -1.000 1.471e-02 0.413 3.010 2.007 0.916 0.281 -0.233 -0.990 -1.582 -1.670
0.01471 0.00000 9.84510 1.1444677114 2.4988236427    1.083  1.742  3.6702  2.363    4  0.000  0.443     0.00     0.00 -1    -1e-30      0.00 6.923e-01 2.930e-01 2.137e-03 1.202e-03 6.435e-03 -1.000 1.472e-02 0.415 3.007 2.006 0.916 0.282 -0.232 -0.988 -1.580 -1.668
0.01471 0.00000 9.84510 1.1446020603 2.4988441467    1.084  1.767  3.6678  2.329    4  0.000  0.443     0.00     0.00 -1    -1e-30      0.00 6.923e-01 2.930e-01 2.137e-03 1.203e-03 6.435e-03 -1.000 1.472e-02 0.352 3.007 1.973 0.869 0.227 -0.292 -1.058 -1.656 -1.745
0.01471 0.00000 9.84510 1.1447273493 2.4988634586    1.084  1.806  3.6642  2.276    4  0.000  0.443     0.00     0.00 -1    -1e-30      0.00 6.923e-01 2.930e-01 2.137e-03 1.203e-03 6.435e-03 -1.000 1.472e-02 0.254 3.004 1.920 0.794 0.140 -0.388 -1.167 -1.776 -1.867
0.01471 0.00000 9.84510 1.1447886229 2.4988727570    1.084  1.845  3.6607  2.223    4  0.000  0.443     0.00     0.00 -1    -1e-30      0.00 6.923e-01 2.930e-01 2.137e-03 1.203e-03 6.435e-03 -1.000 1.472e-02 0.158 3.003 1.868 0.721 0.054 -0.481 -1.274 -1.893 -1.987
0.01471 0.00000 9.84510 1.1448228359 2.4988780022    1.084  1.887  3.6569  2.166    4  0.000  0.443     0.00     0.00 -1    -1e-30      0.00 6.923e-01 2.930e-01 2.137e-03 1.203e-03 6.435e-03 -1.000 1.472e-02 0.053 3.003 1.812 0.643 -0.038 -0.582 -1.390 -2.021 -2.117
0.01471 0.00000 9.84510 1.1448391676 2.4988806248    1.084  1.925  3.6535  2.114    4  0.000  0.443     0.00     0.00 -1    -1e-30      0.00 6.923e-01 2.930e-01 2.137e-03 1.203e-03 6.435e-03 -1.000 1.472e-02 -0.044 3.004 1.762 0.572 -0.122 -0.675 -1.496 -2.137 -2.236
0.01471 0.00000 9.84510 1.1448475122 2.4988818169    1.084  1.963  3.6502  2.063    4  0.000  0.443     0.00     0.00 -1    -1e-30      0.00 6.923e-01 2.930e-01 2.137e-03 1.203e-03 6.435e-03 -1.000 1.472e-02 -0.137 3.005 1.714 0.503 -0.203 -0.764 -1.599 -2.250 -2.351
0.01471 0.00000 9.84510 1.1448523998 2.4988825321    1.084  2.000  3.6469  2.012    4  0.000  0.443     0.00     0.00 -1    -1e-30      0.00 6.923e-01 2.930e-01 2.137e-03 1.203e-03 6.435e-03 -1.000 1.472e-02 -0.231 3.010 1.667 0.435 -0.284 -0.853 -1.701 -2.363 -2.466
0.01471 0.00000 9.84510 1.1448557377 2.4988830090    1.084  2.039  3.6435  1.960    4  0.000  0.443     0.00     0.00 -1    -1e-30      0.00 6.923e-01 2.930e-01 2.137e-03 1.203e-03 6.435e-03 -1.000 1.472e-02 -0.327 2.997 1.620 0.363 -0.366 -0.944 -1.806 -2.475 -2.582
0.01471 0.00000 9.84510 1.1448574066 2.4988832474    1.084  2.065  3.6413  1.925    7  0.000  0.443     0.00     0.00 -1    -1e-30      0.00 6.923e-01 2.930e-01 2.137e-03 1.203e-03 6.435e-03 -1.000 1.472e-02 -0.394 2.982 1.587 0.313 -0.423 -1.006 -1.877 -2.550 -2.660
0.01471 0.00000 9.84510 1.1448581219 2.4988834858    1.084  2.077  3.6402  1.908    7  0.000  0.443     0.00     0.00 -1    -1e-30      0.00 6.923e-01 2.930e-01 2.137e-03 1.203e-03 6.435e-03 -1.000 1.472e-02 -0.424 2.975 1.572 0.291 -0.448 -1.034 -1.910 -2.584 -2.696
0.01471 0.00000 9.84510 1.1448602676 2.4988837242    1.084  2.118  3.6368  1.854    7  0.000  0.443     0.00     0.00 -1    -1e-30      0.00 6.923e-01 2.930e-01 2.137e-03 1.203e-03 6.435e-03 -1.000 1.472e-02 -0.525 2.951 1.522 0.216 -0.533 -1.128 -2.018 -2.698 -2.816
0.01471 0.00000 9.84510 1.1448621750 2.4988839626    1.084  2.150  3.6341  1.811    7  0.000  0.443     0.00     0.00 -1    -1e-30      0.00 6.923e-01 2.930e-01 2.137e-03 1.203e-03 6.435e-03 -1.000 1.472e-02 -0.605 2.930 1.481 0.157 -0.599 -1.202 -2.103 -2.788 -2.910
0.01471 0.00000 9.84510 1.1448640823 2.4988844395    1.084  2.171  3.6323  1.783    7  0.000  0.443     0.00     0.00 -1    -1e-30      0.00 6.923e-01 2.930e-01 2.137e-03 1.203e-03 6.435e-03 -1.000 1.472e-02 -0.658 2.915 1.454 0.117 -0.643 -1.250 -2.160 -2.848 -2.972
0.01471 0.00000 9.84510 1.1448661089 2.4988846779    1.084  2.187  3.6310  1.762    7  0.000  0.443     0.00     0.00 -1    -1e-30      0.00 6.923e-01 2.930e-01 2.137e-03 1.203e-03 6.435e-03 -1.000 1.472e-02 -0.698 2.903 1.433 0.087 -0.676 -1.287 -2.202 -2.892 -3.019
0.01471 0.00000 9.84510 1.1448717117 2.4988856316    1.084  2.164  3.6330  1.793    7  0.000  0.443     0.00     0.00 -1 -1.62e-30      0.00 6.923e-01 2.930e-01 2.137e-03 1.203e-03 6.435e-03 -1.000 1.473e-02 -0.641 2.918 1.462 0.130 -0.629 -1.235 -2.141 -2.828 -2.951
0.01471 0.00000 9.84510 1.1448755264 2.4988861084    1.084  2.148  3.6343  1.814    7  0.000  0.443     0.00     0.00 -1 -5.39e-29      0.00 6.923e-01 2.929e-01 2.137e-03 1.203e-03 6.435e-03 -1.000 1.480e-02 -0.600 2.930 1.483 0.160 -0.595 -1.197 -2.097 -2.782 -2.903
0.01471 0.00000 9.84510 1.1448841095 2.4988875389    1.084  2.125  3.6362  1.844    7  0.000  0.443     0.00     0.00 -1 -1.71e-26      0.00 6.923e-01 2.928e-01 2.137e-03 1.203e-03 6.435e-03 -1.000 1.492e-02 -0.543 2.946 1.513 0.203 -0.548 -1.145 -2.037 -2.719 -2.837
0.01471 0.00000 9.84510 1.1449019909 2.4988901615    1.084  2.121  3.6365  1.850    7  0.000  0.443     0.00     0.00 -1 -3.43e-23      0.00 6.923e-01 2.926e-01 2.137e-03 1.203e-03 6.435e-03 -1.000 1.509e-02 -0.533 2.949 1.518 0.210 -0.539 -1.135 -2.026 -2.707 -2.825
0.01471 0.00000 9.84510 1.1449973583 2.4989047050    1.083  2.138  3.6350  1.826    7  0.000  0.443     0.00     0.00 -1  -2.5e-10      0.00 6.923e-01 2.920e-01 2.137e-03 1.203e-03 6.435e-03 -1.000 1.575e-02 -0.576 2.939 1.497 0.179 -0.574 -1.175 -2.072 -2.755 -2.876
0.01471 0.00000 9.84510 1.1450595856 2.4989142418    1.082  2.181  3.6314  1.769    7  0.000  0.443     0.00     0.00 -1 -6.79e-10      0.00 6.923e-01 2.920e-01 2.137e-03 1.203e-03 6.435e-03 -1.000 1.576e-02 -0.683 2.910 1.442 0.099 -0.663 -1.273 -2.186 -2.876 -3.002
0.01471 0.00000 9.84510 1.1451122761 2.4989223480    1.082  2.226  3.6275  1.708    7  0.000  0.443     0.00     0.00 -1 -8.55e-10      0.00 6.923e-01 2.920e-01 2.137e-03 1.203e-03 6.435e-03 -1.000 1.576e-02 -0.796 2.875 1.385 0.017 -0.755 -1.376 -2.306 -3.003 -3.135
0.01471 0.00000 9.84510 1.1451572180 2.4989292622    1.081  2.271  3.6237  1.648    7  0.000  0.443     0.00     0.00 -1 -1.07e-09      0.00 6.923e-01 2.920e-01 2.136e-03 1.203e-03 6.435e-03 -1.000 1.576e-02 -0.906 2.838 1.328 -0.063 -0.843 -1.476 -2.423 -3.126 -3.266
0.01471 0.00000 9.84510 1.1451948881 2.4989349842    1.080  2.314  3.6200  1.590    7  0.000  0.443     0.00     0.00 -1 -1.33e-09      0.00 6.923e-01 2.920e-01 2.136e-03 1.203e-03 6.435e-03 -1.000 1.576e-02 -1.014 2.801 1.272 -0.141 -0.930 -1.573 -2.537 -3.246 -3.393
0.01471 0.00000 9.84510 1.1452265978 2.4989399910    1.079  2.355  3.6165  1.534    7  0.000  0.443     0.00     0.00 -1 -1.64e-09      0.00 6.923e-01 2.920e-01 2.136e-03 1.204e-03 6.435e-03 -1.000 1.576e-02 -1.118 2.762 1.219 -0.213 -1.010 -1.666 -2.646 -3.362 -3.516
0.01471 0.00000 9.84510 1.1452543736 2.4989442825    1.078  2.397  3.6129  1.478    7  0.000  0.443     0.00     0.00 -1 -2.02e-09      0.00 6.923e-01 2.920e-01 2.136e-03 1.204e-03 6.435e-03 -1.000 1.576e-02 -1.221 2.744 1.169 -0.282 -1.090 -1.759 -2.756 -3.480 -3.641
0.01471 0.00000 9.84510 1.1452788115 2.4989478588    1.077  2.438  3.6094  1.422    7  0.000  0.443     0.00     0.00 -1 -2.48e-09      0.00 6.923e-01 2.920e-01 2.136e-03 1.204e-03 6.435e-03 -1.000 1.576e-02 -1.324 2.756 1.127 -0.346 -1.169 -1.853 -2.867 -3.601 -3.767
0.01471 0.00000 9.84510 1.1453007460 2.4989511967    1.075  2.479  3.6058  1.366    7  0.000  0.443     0.00     0.00 -1 -3.06e-09      0.00 6.923e-01 2.920e-01 2.136e-03 1.204e-03 6.435e-03 -1.000 1.576e-02 -1.427 2.765 1.087 -0.405 -1.244 -1.946 -2.978 -3.722 -3.893
0.01471 0.00000 9.84510 1.1453208923 2.4989542961    1.074  2.520  3.6022  1.310    7  0.000  0.443     0.00     0.00 -1 -3.73e-09      0.00 6.923e-01 2.920e-01 2.136e-03 1.204e-03 6.435e-03 -1.000 1.576e-02 -1.530 2.777 1.048 -0.465 -1.319 -2.039 -3.089 -3.843 -4.019
0.01471 0.00000 9.84510 1.1453396082 2.4989571571    1.072  2.561  3.5975  1.249    7  0.000  0.442     0.00     0.00 -1 -4.54e-09      0.00 6.923e-01 2.920e-01 2.135e-03 1.204e-03 6.435e-03 -1.000 1.576e-02 -1.633 2.811 1.028 -0.506 -1.380 -2.129 -3.202 -3.970 -4.153
0.01471 0.00000 9.84510 1.1453571320 2.4989600182    1.070  2.602  3.5916  1.184    7  0.000  0.442     0.00     0.00 -1 -5.59e-09      0.00 6.923e-01 2.920e-01 2.134e-03 1.204e-03 6.435e-03 -1.000 1.576e-02 -1.734 2.869 1.031 -0.526 -1.426 -2.214 -3.317 -4.102 -4.293
0.01471 0.00000 9.84510 1.1453698874 2.4989619255    1.069  2.633  3.5875  1.136    7  0.000  0.442     0.00     0.00 -1 -6.49e-09      0.00 6.923e-01 2.920e-01 2.132e-03 1.206e-03 6.435e-03 -1.000 1.575e-02 -1.812 2.901 1.031 -0.540 -1.458 -2.278 -3.403 -4.200 -4.397
0.01471 0.00000 9.84510 1.1453857422 2.4989643097    1.066  2.674  3.5835  1.078    7  0.000  0.441     0.00     0.00 -1 -7.91e-09      0.00 6.923e-01 2.920e-01 2.128e-03 1.210e-03 6.435e-03 -1.000 1.575e-02 -1.914 2.911 1.009 -0.576 -1.514 -2.367 -3.515 -4.322 -4.525
0.01471 0.00000 9.84510 1.1454005241 2.4989666939    1.064  2.714  3.5796  1.022    7  0.000  0.440     0.00     0.00 -1  -9.6e-09      0.00 6.923e-01 2.920e-01 2.122e-03 1.217e-03 6.435e-03 -1.000 1.575e-02 -2.014 2.921 0.989 -0.609 -1.567 -2.454 -3.624 -4.442 -4.651
0.01471 0.00000 9.84510 1.1454144716 2.4989688396    1.060  2.753  3.5756  0.965    7  0.000  0.438     0.00     0.00 -1 -1.16e-08      0.00 6.923e-01 2.920e-01 2.116e-03 1.224e-03 6.435e-03 -1.000 1.575e-02 -2.112 2.928 0.982 -0.623 -1.604 -2.537 -3.733 -4.560 -4.775
0.01471 0.00000 9.84510 1.1454274654 2.4989707470    1.057  2.794  3.5714  0.906    7  0.000  0.437     0.00     0.00 -1 -1.41e-08      0.00 6.923e-01 2.920e-01 2.111e-03 1.230e-03 6.435e-03 -1.000 1.575e-02 -2.214 2.940 0.977 -0.636 -1.641 -2.623 -3.846 -4.683 -4.905
0.01471 0.00000 9.84510 1.1454373598 2.4989721775    1.054  2.833  3.5673  0.849    7  0.000  0.436     0.00     0.00 -1  -1.7e-08      0.00 6.923e-01 2.920e-01 2.106e-03 1.236e-03 6.435e-03 -1.000 1.575e-02 -2.313 2.948 0.984 -0.631 -1.665 -2.702 -3.957 -4.803 -5.031
0.01471 0.00000 9.84510 1.1454439163 2.4989731312    1.051  2.869  3.5634  0.796    7  0.000  0.435     0.00     0.00 -1 -2.01e-08      0.00 6.923e-01 2.920e-01 2.102e-03 1.241e-03 6.435e-03 -1.000 1.575e-02 -2.403 2.955 0.997 -0.617 -1.680 -2.773 -4.060 -4.913 -5.148
0.01471 0.00000 9.84510 1.1454491615 2.4989740849    1.049  2.907  3.5592  0.741    7  0.000  0.435     0.00     0.00 -1  -2.4e-08      0.00 6.923e-01 2.920e-01 2.099e-03 1.245e-03 6.435e-03 -1.000 1.575e-02 -2.496 2.964 1.016 -0.595 -1.690 -2.844 -4.165 -5.027 -5.268
0.01471 0.00000 9.84510 1.1454539299 2.4989748001    1.046  2.945  3.5549  0.685    7  0.000  0.434     0.00     0.00 -1 -2.85e-08      0.00 6.923e-01 2.920e-01 2.095e-03 1.249e-03 6.435e-03 -1.000 1.575e-02 -2.591 2.971 1.054 -0.548 -1.683 -2.910 -4.272 -5.143 -5.391
0.01471 0.00000 9.84510 1.1454582214 2.4989755154    1.043  2.983  3.5505  0.627    7  0.000  0.434     0.00     0.00 -1 -3.39e-08      0.00 6.923e-01 2.920e-01 2.093e-03 1.252e-03 6.435e-03 -1.000 1.575e-02 -2.687 2.979 1.096 -0.496 -1.674 -2.975 -4.381 -5.261 -5.516
0.01471 0.00000 9.84510 1.1454622746 2.4989759922    1.040  3.020  3.5460  0.570    7  0.000  0.433     0.00     0.00 -1 -4.03e-08      0.00 6.923e-01 2.920e-01 2.091e-03 1.255e-03 6.435e-03 -1.000 1.575e-02 -2.781 2.986 1.159 -0.415 -1.646 -3.026 -4.489 -5.377 -5.640
0.01471 0.00000 9.84510 1.1454663277 2.4989767075    1.036  3.060  3.5411  0.510    7  0.000  0.433     0.00     0.00 -1 -4.85e-08      0.00 6.923e-01 2.920e-01 2.090e-03 1.256e-03 6.435e-03 -1.000 1.572e-02 -2.879 2.997 1.235 -0.318 -1.609 -3.077 -4.603 -5.499 -5.771
0.01471 0.00000 9.84510 1.1454705000 2.4989774227    1.031  3.100  3.5359  0.447    7  0.000  0.433     0.00     0.00 -1 -5.82e-08      0.00 6.923e-01 2.920e-01 2.089e-03 1.257e-03 6.435e-03 -1.000 1.570e-02 -2.979 3.009 1.345 -0.180 -1.549 -3.111 -4.721 -5.624 -5.905
0.01471 0.00000 9.84510 1.1454747915 2.4989778996    1.025  3.137  3.5310  0.388    7  0.000  0.433     0.00     0.00 -1 -6.94e-08      0.00 6.923e-01 2.920e-01 2.089e-03 1.257e-03 6.435e-03 -1.000 1.569e-02 -3.072 3.024 1.460 -0.035 -1.483 -3.136 -4.831 -5.740 -6.030
0.01471 0.00000 9.84510 1.1454793215 2.4989786148    1.017  3.173  3.5259  0.328    7  0.000  0.433     0.00     0.00 -1 -8.28e-08      0.00 6.923e-01 2.920e-01 2.089e-03 1.257e-03 6.435e-03 -1.000 1.569e-02 -3.163 3.041 1.611 0.152 -1.393 -3.129 -4.940 -5.854 -6.154
0.01471 0.00000 9.84510 1.1454843283 2.4989793301    1.007  3.205  3.5211  0.273    7  0.000  0.433     0.00     0.00 -1 -9.68e-08      0.00 6.923e-01 2.920e-01 2.089e-03 1.257e-03 6.435e-03 -1.000 1.569e-02 -3.242 3.062 1.764 0.339 -1.300 -3.112 -5.035 -5.954 -6.264
0.01471 0.00000 9.84510 1.1454871893 2.4989798069    1.001  3.244  3.5156  0.209    7  0.000  0.433     0.00     0.00 -1 -1.16e-07      0.00 6.923e-01 2.920e-01 2.089e-03 1.257e-03 6.435e-03 -1.000 1.569e-02 -3.341 3.081 1.973 0.607 -1.163 -3.059 -5.152 -6.077 -6.398
0.01471 0.00000 9.84510 1.1454877853 2.4989800453    0.999  3.254  3.5142  0.192    7  0.000  0.433     0.00     0.00 -1 -1.22e-07      0.00 6.923e-01 2.920e-01 2.089e-03 1.257e-03 6.435e-03 -1.000 1.569e-02 -3.365 3.087 2.029 0.679 -1.125 -3.042 -5.181 -6.108 -6.432
0.01471 0.00000 9.84510 1.1454888582 2.4989800453    0.997  3.129  3.5304  0.381    7  0.000  0.433     0.00     0.00 -1 -7.31e-08      0.00 6.923e-01 2.920e-01 2.088e-03 1.258e-03 6.435e-03 -1.000 1.569e-02 -3.052 3.056 1.503 0.011 -1.446 -3.108 -4.813 -5.723 -6.014
0.01471 0.00000 9.84510 1.1454889774 2.4989800453    0.996  3.127  3.5308  0.385    7  0.000  0.433     0.00     0.00 -1 -7.26e-08      0.00 6.923e-01 2.920e-01 2.088e-03 1.258e-03 6.435e-03 -1.000 1.569e-02 -3.047 3.054 1.492 -0.003 -1.453 -3.109 -4.807 -5.716 -6.007
0.01471 0.00000 9.84510 1.1454890966 2.4989800453    0.996  3.146  3.5283  0.356    7  0.000  0.433     0.00     0.00 -1 -7.84e-08      0.00 6.923e-01 2.920e-01 2.088e-03 1.258e-03 6.435e-03 -1.000 1.569e-02 -3.095 3.058 1.560 0.082 -1.414 -3.111 -4.863 -5.775 -6.071
0.01471 0.00000 9.84510 1.1454892159 2.4989802837    0.996  3.146  3.5284  0.356    7  0.000  0.433     0.00     0.00 -1 -7.84e-08      0.00 6.923e-01 2.920e-01 2.088e-03 1.258e-03 6.435e-03 -1.000 1.569e-02 -3.095 3.057 1.556 0.078 -1.417 -3.113 -4.863 -5.775 -6.070
0.01471 0.00000 9.84510 1.1454894543 2.4989802837    0.996  3.168  3.5255  0.322    7  0.000  0.433     0.00     0.00 -1 -8.58e-08      0.00 6.923e-01 2.920e-01 2.088e-03 1.258e-03 6.435e-03 -1.000 1.569e-02 -3.150 3.063 1.641 0.185 -1.367 -3.109 -4.928 -5.842 -6.143
0.01471 0.00000 9.84510 1.1454896927 2.4989802837    0.995  3.198  3.5215  0.276    7  0.000  0.433     0.00     0.00 -1 -9.75e-08      0.00 6.923e-01 2.920e-01 2.088e-03 1.258e-03 6.435e-03 -1.000 1.569e-02 -3.225 3.072 1.764 0.337 -1.296 -3.102 -5.017 -5.935 -6.245
0.01471 0.00000 9.84510 1.1454899311 2.4989802837    0.995  3.232  3.5168  0.223    7  0.000  0.433     0.00     0.00 -1 -1.12e-07      0.00 6.923e-01 2.920e-01 2.088e-03 1.258e-03 6.435e-03 -1.000 1.569e-02 -3.310 3.085 1.931 0.551 -1.188 -3.065 -5.117 -6.041 -6.360
0.01471 0.00000 9.84510 1.1454901695 2.4989802837    0.994  3.265  3.5123  0.171    7  0.000  0.433     0.00     0.00 -1 -1.29e-07      0.00 6.923e-01 2.920e-01 2.088e-03 1.258e-03 6.435e-03 -1.000 1.569e-02 -3.393 3.099 2.111 0.782 -1.069 -3.014 -5.214 -6.144 -6.472
0.01471 0.00000 9.84510 1.1454904079 2.4989802837    0.993  3.299  3.5074  0.117    7  0.000  0.433     0.00     0.00 -1 -1.49e-07      0.00 6.923e-01 2.920e-01 2.088e-03 1.258e-03 6.435e-03 -1.000 1.569e-02 -3.478 3.109 2.278 1.000 -0.958 -2.963 -5.315 -6.249 -6.587
0.01471 0.00000 9.84510 1.1454908848 2.4989805222    0.992  3.335  3.5021  0.060    7  0.000  0.433     0.00     0.00 -1 -1.72e-07      0.00 6.923e-01 2.920e-01 2.088e-03 1.258e-03 6.435e-03 -1.000 1.569e-02 -3.568 3.119 2.456 1.229 -0.837 -2.899 -5.422 -6.361 -6.709
0.01471 0.00000 9.84510 1.1454913616 2.4989805222    0.990  3.368  3.4973  0.007    7  0.000  0.433     0.00     0.00 -1 -1.98e-07      0.00 6.923e-01 2.920e-01 2.088e-03 1.258e-03 6.435e-03 -1.000 1.569e-02 -3.649 3.131 2.619 1.430 -0.727 -2.832 -5.517 -6.462 -6.819
0.01471 0.00000 9.84510 1.1454920769 2.4989805222    0.986  3.402  3.4918 -0.051    7  0.523  0.433     0.00     0.00 -1 -2.29e-07      0.00 6.923e-01 2.920e-01 2.088e-03 1.258e-03 6.435e-03 -1.000 1.569e-02 -3.735 3.144 2.794 1.638 -0.611 -2.754 -5.621 -6.570 -6.938
0.01471 0.00000 9.84510 1.1454926729 2.4989807606    0.982  3.421  3.4887 -0.084    8  0.525  0.453   206.24    98.10  0 -2.49e-07      0.00 6.923e-01 2.931e-01 2.194e-03 1.260e-03 6.450e-03 -1.000 1.465e-02 -3.781 3.152 2.878 1.727 -0.560 -2.719 -5.676 -6.629 -7.002
0.01471 0.00000 9.84510 1.1454927921 2.4989807606    0.982  3.156  3.5253  0.327    8  0.525  0.454    84.99    45.58  1 -8.52e-08      0.00 6.923e-01 2.931e-01 2.194e-03 1.260e-03 6.450e-03 -1.000 1.465e-02 -3.120 3.090 1.676 0.223 -1.332 -3.076 -4.899 -5.814 -6.115
0.01471 0.00000 9.84510 1.1454927921 2.4989807606    0.982  3.037  3.5415  0.511    8  0.525  0.454    57.24    32.39  1 -5.18e-08      0.00 6.923e-01 2.931e-01 2.194e-03 1.260e-03 6.450e-03 -1.000 1.465e-02 -2.824 3.046 1.276 -0.280 -1.566 -3.026 -4.547 -5.441 -5.712
0.01471 0.00000 9.84510 1.1454930305 2.4989807606    0.981  2.867  3.5647  0.773    8  0.525  0.454    32.46    19.83  1 -2.49e-08      0.00 6.923e-01 2.931e-01 2.194e-03 1.260e-03 6.450e-03 -1.000 1.465e-02 -2.397 2.961 0.979 -0.645 -1.700 -2.774 -4.050 -4.899 -5.133
0.01471 0.00000 9.84510 1.1454932690 2.4989807606    0.979  2.890  3.5612  0.735    8  0.525  0.454    35.22    21.27  1 -2.77e-08      0.00 6.923e-01 2.931e-01 2.194e-03 1.260e-03 6.450e-03 -1.000 1.465e-02 -2.455 2.982 1.010 -0.611 -1.691 -2.815 -4.118 -4.975 -5.214
0.01471 0.00000 9.84510 1.1454936266 2.4989807606    0.977  3.014  3.5438  0.541    8  0.525  0.454    53.58    30.55  1 -4.76e-08      0.00 6.923e-01 2.931e-01 2.194e-03 1.260e-03 6.450e-03 -1.000 1.465e-02 -2.766 3.051 1.251 -0.314 -1.572 -2.990 -4.481 -5.372 -5.639
0.01471 0.00000 9.84510 1.1454941034 2.4989809990    0.975  3.173  3.5216  0.293    8  0.525  0.454    91.53    48.52  1  -9.3e-08      0.00 6.923e-01 2.931e-01 2.194e-03 1.260e-03 6.450e-03 -1.000 1.465e-02 -3.162 3.119 1.813 0.389 -1.239 -3.042 -4.953 -5.873 -6.181
0.01471 0.00000 9.84510 1.1454946995 2.4989809990    0.972  3.304  3.5031  0.086    8  0.525  0.454   142.82    71.23  0  -1.6e-07      0.00 6.923e-01 2.931e-01 2.194e-03 1.260e-03 6.450e-03 -1.000 1.465e-02 -3.490 3.162 2.469 1.236 -0.806 -2.854 -5.341 -6.279 -6.624
0.01471 0.00000 9.84510 1.1454952955 2.4989809990    0.969  3.388  3.4910 -0.047    8  0.526  0.454   190.49    91.29  0 -2.26e-07      0.00 6.923e-01 2.931e-01 2.194e-03 1.260e-03 6.450e-03 -1.000 1.465e-02 -3.700 3.182 2.856 1.707 -0.551 -2.699 -5.587 -6.538 -6.907
0.01471 0.00000 9.84510 1.1454960108 2.4989812374    0.966  3.431  3.4844 -0.118    8  0.526  0.454   221.86   104.05  0 -2.71e-07      0.00 6.923e-01 2.931e-01 2.194e-03 1.260e-03 6.450e-03 -1.000 1.465e-02 -3.807 3.188 2.989 1.820 -0.488 -2.656 -5.714 -6.670 -7.050
0.01471 0.00000 9.84510 1.1454968452 2.4989812374    0.962  3.450  3.4811 -0.152    8  0.526  0.454   238.69   110.72  0 -2.95e-07      0.00 6.923e-01 2.931e-01 2.194e-03 1.260e-03 6.450e-03 -1.000 1.465e-02 -3.854 3.197 3.057 1.871 -0.455 -2.630 -5.771 -6.730 -7.115
0.01471 0.00000 9.84510 1.1454976797 2.4989814758    0.957  3.460  3.4807 -0.166    8  0.527  0.453   245.50   113.32  0 -3.12e-07      0.00 6.923e-01 2.931e-01 2.194e-03 1.260e-03 6.450e-03 -1.000 1.465e-02 -3.879 3.189 3.054 1.863 -0.468 -2.644 -5.797 -6.756 -7.142
0.01471 0.00000 9.84510 1.1454976797 2.4989814758    0.957  3.257  3.5065  0.140    8  0.527  0.454   127.02    64.10  0 -1.38e-07      0.00 6.923e-01 2.931e-01 2.194e-03 1.260e-03 6.450e-03 -1.000 1.465e-02 -3.373 3.201 2.407 1.146 -0.823 -2.835 -5.213 -6.148 -6.486
0.01471 0.00000 9.84510 1.1454977989 2.4989814758    0.956  3.084  3.5302  0.408    8  0.527  0.454    71.28    38.90  1 -6.76e-08      0.00 6.923e-01 2.931e-01 2.194e-03 1.260e-03 6.450e-03 -1.000 1.465e-02 -2.939 3.149 1.614 0.131 -1.327 -2.992 -4.700 -5.612 -5.902
0.01471 0.00000 9.84510 1.1454980373 2.4989814758    0.955  2.913  3.5536  0.672    8  0.527  0.454    40.32    23.76  1 -3.28e-08      0.00 6.923e-01 2.931e-01 2.194e-03 1.260e-03 6.450e-03 -1.000 1.465e-02 -2.512 3.078 1.174 -0.424 -1.572 -2.821 -4.197 -5.071 -5.321
0.01471 0.00000 9.84510 1.1454982758 2.4989814758    0.954  2.935  3.5503  0.635    8  0.527  0.454    43.59    25.41  1 -3.63e-08      0.00 6.923e-01 2.931e-01 2.194e-03 1.260e-03 6.450e-03 -1.000 1.465e-02 -2.568 3.093 1.215 -0.374 -1.553 -2.856 -4.263 -5.143 -5.399
0.01471 0.00000 9.84510 1.1454985142 2.4989817142    0.951  3.057  3.5335  0.445    8  0.527  0.454    65.71    36.20  1 -6.14e-08      0.00 6.923e-01 2.931e-01 2.194e-03 1.260e-03 6.450e-03 -1.000 1.465e-02 -2.873 3.146 1.544 0.041 -1.364 -2.970 -4.622 -5.530 -5.814
0.01471 0.00000 9.84510 1.1454989910 2.4989817142    0.949  3.213  3.5118  0.202    8  0.527  0.454   110.98    56.92  0 -1.18e-07      0.00 6.923e-01 2.931e-01 2.194e-03 1.260e-03 6.450e-03 -1.000 1.465e-02 -3.261 3.208 2.249 0.935 -0.921 -2.870 -5.084 -6.015 -6.343
0.01471 0.00000 9.84510 1.1454994678 2.4989817142    0.946  3.341  3.4938  0.001    8  0.528  0.454   171.36    82.79  0    -2e-07      0.00 6.923e-01 2.931e-01 2.194e-03 1.260e-03 6.450e-03 -1.000 1.465e-02 -3.582 3.231 2.823 1.661 -0.544 -2.669 -5.460 -6.409 -6.771
0.01471 0.00000 9.84510 1.1454999447 2.4989817142    0.942  3.422  3.4822 -0.129    8  0.528  0.454   226.45   105.24  0 -2.79e-07      0.00 6.923e-01 2.931e-01 2.194e-03 1.260e-03 6.450e-03 -1.000 1.465e-02 -3.785 3.235 3.075 1.898 -0.418 -2.589 -5.698 -6.656 -7.039
0.01471 0.00000 9.84510 1.1455006599 2.4989819527    0.938  3.463  3.4761 -0.196    8  0.528  0.454   261.51   119.04  0 -3.31e-07      0.00 6.923e-01 2.931e-01 2.194e-03 1.260e-03 6.450e-03 -1.000 1.465e-02 -3.886 3.236 3.167 1.958 -0.389 -2.575 -5.817 -6.779 -7.171
0.01471 0.00000 9.84510 1.1455012560 2.4989819527    0.934  3.479  3.4733 -0.226    8  0.529  0.454   278.95   125.71  0 -3.59e-07      0.00 6.923e-01 2.931e-01 2.194e-03 1.260e-03 6.450e-03 -1.000 1.465e-02 -3.929 3.239 3.208 1.984 -0.374 -2.568 -5.867 -6.830 -7.226
0.01471 0.00000 9.84510 1.1455020905 2.4989821911    0.929  3.487  3.4741 -0.233    8  0.529  0.453   283.10   127.14  0 -3.79e-07      0.00 6.923e-01 2.931e-01 2.194e-03 1.260e-03 6.450e-03 -1.000 1.465e-02 -3.948 3.224 3.180 1.956 -0.403 -2.596 -5.885 -6.847 -7.243
0.01471 0.00000 9.84510 1.1455020905 2.4989821911    0.928  3.293  3.4991  0.061    8  0.529  0.454   150.09    73.45  0 -1.74e-07      0.00 6.923e-01 2.931e-01 2.194e-03 1.260e-03 6.450e-03 -1.000 1.465e-02 -3.462 3.250 2.690 1.498 -0.620 -2.708 -5.325 -6.268 -6.620
0.01471 0.00000 9.84510 1.1455022097 2.4989821911    0.927  3.121  3.5231  0.329    8  0.529  0.454    84.22    44.56  1 -8.64e-08      0.00 6.923e-01 2.931e-01 2.194e-03 1.260e-03 6.450e-03 -1.000 1.465e-02 -3.032 3.201 1.861 0.431 -1.164 -2.942 -4.818 -5.736 -6.041
0.01471 0.00000 9.84510 1.1455024481 2.4989821911    0.926  2.950  3.5470  0.594    8  0.529  0.454    47.52    27.16  1 -4.24e-08      0.00 6.923e-01 2.931e-01 2.194e-03 1.260e-03 6.450e-03 -1.000 1.465e-02 -2.606 3.130 1.295 -0.280 -1.499 -2.861 -4.311 -5.197 -5.458
0.01471 0.00000 9.84510 1.1455026865 2.4989821911    0.923  2.973  3.5436  0.556    8  0.530  0.454    51.53    29.11  1 -4.72e-08      0.00 6.923e-01 2.931e-01 2.194e-03 1.260e-03 6.450e-03 -1.000 1.465e-02 -2.663 3.144 1.357 -0.203 -1.462 -2.885 -4.379 -5.271 -5.538
0.01471 0.00000 9.84510 1.1455031633 2.4989821911    0.920  3.094  3.5264  0.366    8  0.530  0.454    77.77    41.51  1  -7.9e-08      0.00 6.923e-01 2.931e-01 2.194e-03 1.260e-03 6.450e-03 -1.000 1.465e-02 -2.964 3.202 1.771 0.317 -1.214 -2.941 -4.739 -5.654 -5.952
0.01471 0.00000 9.84510 1.1455036402 2.4989824295    0.917  3.247  3.5043  0.122    8  0.530  0.454   131.41    65.25  0  -1.5e-07      0.00 6.923e-01 2.931e-01 2.194e-03 1.260e-03 6.450e-03 -1.000 1.465e-02 -3.348 3.260 2.534 1.295 -0.717 -2.751 -5.195 -6.133 -6.474
0.01471 0.00000 9.84510 1.1455041170 2.4989824295    0.912  3.374  3.4859 -0.080    8  0.531  0.454   203.32    95.02  0 -2.52e-07      0.00 6.923e-01 2.931e-01 2.194e-03 1.260e-03 6.450e-03 -1.000 1.465e-02 -3.665 3.283 3.059 1.903 -0.390 -2.552 -5.567 -6.523 -6.899
0.01471 0.00000 9.84510 1.1455047131 2.4989824295    0.907  3.455  3.4739 -0.211    8  0.531  0.454   269.73   121.12  0 -3.53e-07      0.00 6.923e-01 2.931e-01 2.194e-03 1.260e-03 6.450e-03 -1.000 1.465e-02 -3.867 3.284 3.245 2.026 -0.327 -2.518 -5.803 -6.766 -7.161
0.01471 0.00000 9.84510 1.1455055475 2.4989826679    0.901  3.496  3.4675 -0.281    8  0.531  0.454   313.26   137.58  0 -4.21e-07      0.01 6.923e-01 2.931e-01 2.194e-03 1.260e-03 6.450e-03 -1.000 1.465e-02 -3.969 3.280 3.324 2.074 -0.305 -2.514 -5.924 -6.889 -7.293
0.01471 0.00000 9.84510 1.1455062628 2.4989826679    0.895  3.513  3.4643 -0.315    8  0.532  0.454   336.59   146.09  0  -4.6e-07      0.01 6.923e-01 2.931e-01 2.194e-03 1.260e-03 6.450e-03 -1.000 1.465e-02 -4.014 3.283 3.362 2.098 -0.293 -2.512 -5.976 -6.943 -7.351
0.01471 0.00000 9.84510 1.1455072165 2.4989829063    0.888  3.523  3.4652 -0.323    8  0.533  0.453   342.94   148.12  0 -4.94e-07      0.01 6.923e-01 2.931e-01 2.194e-03 1.260e-03 6.450e-03 -1.000 1.465e-02 -4.037 3.272 3.338 2.070 -0.322 -2.541 -5.996 -6.963 -7.372
0.01471 0.00000 9.84510 1.1455072165 2.4989829063    0.887  3.338  3.4890 -0.044    8  0.533  0.454   187.60    87.91  0 -2.37e-07      0.00 6.923e-01 2.931e-01 2.194e-03 1.260e-03 6.450e-03 -1.000 1.465e-02 -3.575 3.318 3.041 1.900 -0.374 -2.529 -5.468 -6.421 -6.792
0.01471 0.00000 9.84510 1.1455073357 2.4989829063    0.886  3.168  3.5136  0.224    8  0.533  0.454   105.22    53.30  0  -1.2e-07      0.00 6.923e-01 2.931e-01 2.194e-03 1.260e-03 6.450e-03 -1.000 1.465e-02 -3.149 3.282 2.259 0.926 -0.887 -2.809 -4.965 -5.895 -6.219
0.01471 0.00000 9.84510 1.1455075741 2.4989829063    0.883  2.997  3.5381  0.491    8  0.533  0.454    59.11    32.35  1 -5.97e-08      0.00 6.923e-01 2.931e-01 2.194e-03 1.260e-03 6.450e-03 -1.000 1.465e-02 -2.723 3.204 1.503 -0.029 -1.362 -2.884 -4.457 -5.357 -5.634
0.01471 0.00000 9.84510 1.1455079317 2.4989831448    0.880  3.020  3.5345  0.452    8  0.533  0.454    64.26    34.73  1 -6.65e-08      0.00 6.923e-01 2.931e-01 2.194e-03 1.260e-03 6.450e-03 -1.000 1.465e-02 -2.779 3.222 1.596 0.086 -1.304 -2.891 -4.526 -5.431 -5.714
0.01471 0.00000 9.84510 1.1455082893 2.4989831448    0.875  3.138  3.5169  0.262    8  0.533  0.454    96.92    49.46  0  -1.1e-07      0.00 6.923e-01 2.931e-01 2.194e-03 1.260e-03 6.450e-03 -1.000 1.465e-02 -3.074 3.286 2.144 0.773 -0.958 -2.832 -4.881 -5.806 -6.123
0.01471 0.00000 9.84510 1.1455087662 2.4989831448    0.869  3.288  3.4944  0.019    8  0.534  0.454   163.51    77.57  0 -2.05e-07      0.00 6.923e-01 2.931e-01 2.194e-03 1.260e-03 6.450e-03 -1.000 1.465e-02 -3.449 3.342 2.918 1.756 -0.437 -2.557 -5.325 -6.274 -6.634
0.01471 0.00000 9.84510 1.1455093622 2.4989831448    0.863  3.411  3.4755 -0.183    8  0.534  0.454   252.94   112.82  0 -3.42e-07      0.00 6.923e-01 2.931e-01 2.194e-03 1.260e-03 6.450e-03 -1.000 1.465e-02 -3.758 3.357 3.296 2.090 -0.255 -2.441 -5.690 -6.652 -7.044
0.01471 0.00000 9.84510 1.1455100775 2.4989833832    0.855  3.490  3.4631 -0.315    8  0.535  0.454   336.09   143.81  0 -4.75e-07      0.01 6.923e-01 2.931e-01 2.194e-03 1.260e-03 6.450e-03 -1.000 1.465e-02 -3.954 3.350 3.442 2.176 -0.216 -2.438 -5.919 -6.886 -7.295
0.01471 0.00000 9.84510 1.1455107927 2.4989833832    0.846  3.529  3.4564 -0.386    8  0.535  0.454   391.52   163.52  0  -5.7e-07      0.01 6.923e-01 2.931e-01 2.194e-03 1.260e-03 6.450e-03 -1.000 1.465e-02 -4.053 3.366 3.526 2.236 -0.193 -2.442 -6.034 -7.004 -7.423
0.01471 0.00000 9.84510 1.1455116272 2.4989836216    0.836  3.546  3.4531 -0.421    8  0.536  0.454   422.31   173.88  0 -6.28e-07      0.01 6.923e-01 2.931e-01 2.194e-03 1.260e-03 6.450e-03 -1.000 1.465e-02 -4.095 3.385 3.576 2.280 -0.172 -2.439 -6.084 -7.054 -7.478
0.01471 0.00000 9.84510 1.1455125809 2.4989838600    0.826  3.555  3.4572 -0.419    8  0.537  0.453   419.76   172.18  0 -6.92e-07      0.01 6.923e-01 2.931e-01 2.194e-03 1.260e-03 6.450e-03 -1.000 1.465e-02 -4.116 3.363 3.504 2.195 -0.244 -2.496 -6.094 -7.065 -7.488
0.01471 0.00000 9.84510 1.1455125809 2.4989838600    0.825  3.381  3.4771 -0.167    8  0.537  0.454   243.66   107.55  0 -3.46e-07      0.00 6.923e-01 2.931e-01 2.194e-03 1.260e-03 6.450e-03 -1.000 1.465e-02 -3.684 3.408 3.327 2.127 -0.211 -2.393 -5.611 -6.573 -6.962
0.01471 0.00000 9.84510 1.1455127001 2.4989838600    0.822  3.213  3.5021  0.101    8  0.537  0.454   136.78    65.21  0 -1.79e-07      0.00 6.923e-01 2.931e-01 2.194e-03 1.260e-03 6.450e-03 -1.000 1.465e-02 -3.262 3.387 2.730 1.511 -0.544 -2.602 -5.115 -6.055 -6.401
0.01471 0.00000 9.84510 1.1455129385 2.4989838600    0.818  3.043  3.5273  0.369    8  0.537  0.454    76.63    39.45  1 -9.11e-08      0.00 6.923e-01 2.931e-01 2.194e-03 1.260e-03 6.450e-03 -1.000 1.465e-02 -2.836 3.317 1.857 0.394 -1.120 -2.831 -4.608 -5.522 -5.818
0.01471 0.00000 9.84510 1.1455132961 2.4989838600    0.812  3.065  3.5228  0.326    8  0.537  0.454    84.17    42.66  1 -1.02e-07      0.00 6.923e-01 2.931e-01 2.194e-03 1.260e-03 6.450e-03 -1.000 1.465e-02 -2.892 3.348 2.017 0.589 -1.013 -2.796 -4.679 -5.598 -5.903
0.01471 0.00000 9.84510 1.1455137730 2.4989838600    0.804  3.180  3.5036  0.130    8  0.538  0.454   128.43    61.23  0 -1.67e-07      0.00 6.923e-01 2.931e-01 2.194e-03 1.260e-03 6.450e-03 -1.000 1.465e-02 -3.180 3.429 2.728 1.497 -0.524 -2.565 -5.028 -5.967 -6.309
0.01471 0.00000 9.84510 1.1455142498 2.4989840984    0.794  3.325  3.4792 -0.119    8  0.538  0.454   219.60    96.88  0 -3.06e-07      0.00 6.923e-01 2.931e-01 2.194e-03 1.260e-03 6.450e-03 -1.000 1.465e-02 -3.544 3.488 3.380 2.199 -0.123 -2.297 -5.465 -6.426 -6.811
0.01471 0.00000 9.84510 1.1455148458 2.4989840984    0.782  3.445  3.4584 -0.329    8  0.539  0.454   345.19   142.38  0 -5.04e-07      0.01 6.923e-01 2.931e-01 2.194e-03 1.260e-03 6.450e-03 -1.000 1.465e-02 -3.844 3.488 3.634 2.365 -0.040 -2.275 -5.820 -6.789 -7.201
0.01471 0.00000 9.84510 1.1455155611 2.4989840984    0.769  3.521  3.4444 -0.468    8  0.539  0.454   466.14   183.24  0 -7.03e-07      0.01 6.923e-01 2.931e-01 2.194e-03 1.260e-03 6.450e-03 -1.000 1.465e-02 -4.034 3.535 3.801 2.527 0.019 -2.289 -6.040 -7.009 -7.441
0.01471 0.00000 9.84510 1.1455163956 2.4989843369    0.755  3.560  3.4368 -0.545    8  0.540  0.454   550.54   209.71  0 -8.54e-07      0.02 6.923e-01 2.931e-01 2.194e-03 1.260e-03 6.450e-03 -1.000 1.465e-02 -4.129 3.563 3.881 2.626 0.049 -2.302 -6.150 -7.118 -7.560
0.01471 0.00000 9.84510 1.1455173492 2.4989845753    0.739  3.575  3.4334 -0.583    8  0.541  0.454   599.30   223.25  0 -1.08e-06      0.03 6.923e-01 2.931e-01 2.194e-03 1.260e-03 6.450e-03 -1.000 1.465e-02 -4.169 3.639 3.960 2.704 0.084 -2.291 -6.188 -7.160 -7.610
0.01471 0.00000 9.84510 1.1455183029 2.4989845753    0.721  3.583  3.4615 -0.489    8  0.541  0.453   490.20   185.20  0 -1.23e-06      0.04 6.923e-01 2.931e-01 2.194e-03 1.260e-03 6.450e-03 -1.000 1.465e-02 -4.188 3.481 3.523 2.157 -0.307 -2.561 -6.140 -7.118 -7.553
0.01471 0.00000 9.84510 1.1455183029 2.4989845753    0.720  3.422  3.4582 -0.342    8  0.541  0.454   356.82   140.62  0  -5.9e-07      0.01 6.923e-01 2.931e-01 2.194e-03 1.260e-03 6.450e-03 -1.000 1.465e-02 -3.786 3.581 3.722 2.444 0.032 -2.206 -5.760 -6.730 -7.145
0.01471 0.00000 9.84510 1.1455184221 2.4989845753    0.716  3.254  3.4818 -0.082    8  0.542  0.454   203.59    86.33  0  -3.1e-07      0.00 6.923e-01 2.931e-01 2.194e-03 1.260e-03 6.450e-03 -1.000 1.465e-02 -3.365 3.618 3.467 2.300 -0.006 -2.173 -5.278 -6.238 -6.619
0.01471 0.00000 9.84510 1.1455186605 2.4989845753    0.710  3.082  3.5043  0.177    8  0.542  0.454   116.57    53.05  0 -1.58e-07      0.00 6.923e-01 2.931e-01 2.194e-03 1.260e-03 6.450e-03 -1.000 1.465e-02 -2.934 3.625 2.913 1.686 -0.314 -2.343 -4.780 -5.719 -6.059
0.01471 0.00000 9.84510 1.1455190182 2.4989848137    0.702  3.100  3.4910  0.101    8  0.542  0.454   137.67    60.81  0  -1.7e-07      0.00 6.923e-01 2.931e-01 2.194e-03 1.260e-03 6.450e-03 -1.000 1.465e-02 -2.979 3.755 3.442 2.329 0.111 -2.021 -4.866 -5.819 -6.179
0.01471 0.00000 9.84510 1.1455193758 2.4989848137    0.691  3.207  3.4598 -0.138    8  0.542  0.454   231.05    94.17  0 -2.56e-07      0.00 6.923e-01 2.931e-01 2.194e-03 1.260e-03 6.450e-03 -1.000 1.465e-02 -3.247 3.880 4.029 2.820 0.460 -1.755 -5.222 -6.188 -6.586
0.01471 0.00000 9.84510 1.1455199718 2.4989848137    0.678  3.342  3.4223 -0.432    8  0.543  0.454   436.87   161.14  0 -4.17e-07      0.01 6.923e-01 2.931e-01 2.194e-03 1.260e-03 6.450e-03 -1.000 1.465e-02 -3.586 3.937 4.406 3.331 0.683 -1.721 -5.645 -6.588 -7.017
0.01471 0.00000 9.84510 1.1455205679 2.4989850521    0.663  3.452  3.3918 -0.673    8  0.543  0.454   739.27   249.38  0 -6.18e-07      0.01 6.923e-01 2.931e-01 2.194e-03 1.260e-03 6.450e-03 -1.000 1.465e-02 -3.860 3.954 4.439 3.336 0.579 -1.876 -5.924 -6.877 -7.330
0.01471 0.00000 9.84510 1.1455212831 2.4989850521    0.646  3.517  3.3761 -0.813    8  0.544  0.454  1007.67   318.22  0 -1.21e-06      0.04 6.923e-01 2.931e-01 2.194e-03 1.260e-03 6.450e-03 -1.000 1.465e-02 -4.024 4.084 4.506 3.331 0.507 -1.971 -6.071 -7.040 -7.516
0.01471 0.00000 9.84510 1.1455219984 2.4989852905    0.627  3.545  3.3788 -0.843    8  0.544  0.454  1088.72   329.20  0 -1.72e-06      0.07 6.923e-01 2.931e-01 2.194e-03 1.260e-03 6.450e-03 -1.000 1.465e-02 -4.093 4.212 4.574 3.353 0.494 -1.996 -6.118 -7.100 -7.589
0.01471 0.00000 9.84510 1.1455229521 2.4989852905    0.606  3.550  3.4011 -0.774    8  0.545  0.454   956.95   280.72  0 -1.81e-06      0.08 6.923e-01 2.931e-01 2.194e-03 1.260e-03 6.450e-03 -1.000 1.465e-02 -4.106 4.170 4.527 3.317 0.471 -2.014 -6.124 -7.105 -7.591
0.01471 0.00000 9.84510 1.1455239058 2.4989855289    0.584  3.547  3.5319 -0.263    8  0.546  0.453   330.32   103.61  0 -2.52e-06      0.21 6.923e-01 2.931e-01 2.194e-03 1.260e-03 6.450e-03 -1.000 1.465e-02 -4.096 3.602 1.378 -0.489 -2.161 -3.902 -5.735 -6.683 -7.098
0.01471 0.00000 9.84510 1.1455253363 2.4989857674    0.546 -9.999  4.0000  1.752    9  0.547  0.000     0.00     0.00 -1    -1e-30      0.00 6.923e-01 2.931e-01 2.194e-03 1.260e-03 6.450e-03 -1.000 1.465e-02 29.767 29.853 30.100 30.126 30.102 30.081 30.109 30.101 30.114
#isochrone terminated
