# File generated by CMD 3.3 (http://stev.oapd.inaf.it/cmd) on Tue Dec 10 23:55:02 CET 2019
# isochrones based on PARSEC release v1.2S
# Basic references: Bressan et al. (2012), MNRAS, 427, 127 + Chen et al. (2014, 2015), MNRAS, 444, 2525 + MNRAS, 452, 1068 + Tang et al. (2014), MNRAS, 445, 4287
# On RGB, assumed Reimers mass loss with efficiency eta=0.2
# Photometric system: <i>UBVRIJHK</i> (cf. Maiz-Apellaniz 2006 + Bessell 1990)
# Attention: photometry includes extinction of Av=0.4, with coefficients derived star-by-star, for Cardelli et al 89 + O'Donnell 94 Rv=3.1 extinction curve.
# Using YBC version of bolometric corrections as in Chen et al. (2019)
# O-rich circumstellar dpmod60alox40 dust from Groenewegen (2006)
# C-rich circumstellar AMCSIC15 dust from Groenewegen (2006)
# IMF: Kroupa (2001, 2002) + Kroupa et al. (2013) canonical two-part-power law IMF corrected for unresolved binaries 
# Kind of output: isochrone tables
# Zini     MH   logAge Mini        int_IMF         Mass   logL    logTe  logg  label 	 mbolmag  Umag    Bmag    Vmag    Rmag    Imag    Jmag    Hmag    Kmag
0.017873 0.09000 9.39794 0.0900000036 1.0816895962    0.090 -3.432  3.3575  5.206    0 13.350 23.071 20.434 18.530 16.303 14.024 11.387 10.738 10.412
0.017873 0.09000 9.39794 0.0955582857 1.1328942776    0.096 -3.332  3.3714  5.188    0 13.100 22.786 20.168 18.271 16.049 13.773 11.137 10.489 10.161
0.017873 0.09000 9.39794 0.1000000015 1.1711064577    0.100 -3.256  3.3819  5.174    0 12.910 22.569 19.967 18.073 15.857 13.583 10.947 10.300 9.970
0.017873 0.09000 9.39794 0.1200000048 1.3193155527    0.120 -3.000  3.4146  5.128    1 12.271 21.843 19.291 17.411 15.211 12.944 10.310 9.664 9.329
0.017873 0.09000 9.39794 0.1300523877 1.3821759224    0.130 -2.903  3.4259  5.110    0 12.027 21.091 18.706 16.860 14.771 12.578 10.086 9.439 9.104
0.017873 0.09000 9.39794 0.1400000006 1.4384527206    0.140 -2.813  3.4362  5.094    0 11.803 20.312 18.096 16.293 14.326 12.217 9.886 9.239 8.904
0.017873 0.09000 9.39794 0.1599999964 1.5372931957    0.160 -2.671  3.4501  5.066    1 11.448 19.279 17.258 15.514 13.697 11.696 9.562 8.914 8.584
0.017873 0.09000 9.39794 0.2000000030 1.6938791275    0.200 -2.456  3.4689  5.023    1 10.911 17.925 16.130 14.441 12.812 10.972 9.069 8.419 8.098
0.017873 0.09000 9.39794 0.2500000000 1.8403258324    0.250 -2.253  3.4854  4.982    0 10.402 16.813 15.169 13.518 12.029 10.331 8.600 7.947 7.637
0.017873 0.09000 9.39794 0.3000000119 1.9529139996    0.300 -2.093  3.4970  4.948    1 10.003 16.052 14.491 12.868 11.462 9.858 8.230 7.573 7.273
0.017873 0.09000 9.39794 0.3423470259 2.0306932926    0.342 -1.956  3.5045  4.899    0 9.660 15.491 13.984 12.385 11.029 9.477 7.904 7.243 6.950
0.017873 0.09000 9.39794 0.3500000238 2.0434176922    0.350 -1.935  3.5060  4.893    0 9.608 15.400 13.901 12.306 10.959 9.417 7.855 7.193 6.902
0.017873 0.09000 9.39794 0.3589147627 2.0577912331    0.359 -1.907  3.5080  4.885    0 9.539 15.277 13.789 12.200 10.865 9.338 7.790 7.127 6.838
0.017873 0.09000 9.39794 0.3682574332 2.0723652840    0.368 -1.880  3.5102  4.877    0 9.469 15.153 13.676 12.093 10.771 9.258 7.726 7.062 6.774
0.017873 0.09000 9.39794 0.4000000358 2.1185026169    0.400 -1.793  3.5173  4.854    0 9.252 14.776 13.325 11.756 10.472 9.009 7.526 6.856 6.575
0.017873 0.09000 9.39794 0.4499999881 2.1822810173    0.450 -1.645  3.5293  4.805    1 8.883 14.167 12.749 11.208 9.983 8.595 7.187 6.506 6.236
0.017873 0.09000 9.39794 0.5000000000 2.2374541759    0.500 -1.494  3.5432  4.756    1 8.505 13.569 12.161 10.648 9.481 8.173 6.843 6.151 5.891
0.017873 0.09000 9.39794 0.5026826262 2.2402026653    0.503 -1.485  3.5442  4.753    1 8.483 13.532 12.124 10.613 9.450 8.148 6.824 6.130 5.872
0.017873 0.09000 9.39794 0.5500000119 2.2836582661    0.550 -1.334  3.5611  4.709    1 8.105 12.943 11.518 10.023 8.921 7.727 6.492 5.784 5.540
0.017873 0.09000 9.39794 0.6000000238 2.3211214542    0.600 -1.173  3.5835  4.675    1 7.702 12.304 10.835 9.355 8.319 7.281 6.150 5.425 5.207
0.017873 0.09000 9.39794 0.6499999762 2.3520355225    0.650 -1.010  3.6104  4.655    1 7.296 11.643 10.116 8.687 7.717 6.843 5.810 5.075 4.899
0.017873 0.09000 9.39794 0.6694127321 2.3626165390    0.669 -0.948  3.6216  4.650    1 7.141 11.365 9.827 8.429 7.487 6.677 5.681 4.952 4.792
0.017873 0.09000 9.39794 0.7000000477 2.3779268265    0.700 -0.854  3.6388  4.644    1 6.904 10.890 9.371 8.038 7.145 6.431 5.488 4.775 4.640
0.017873 0.09000 9.39794 0.7389213443 2.3953170776    0.739 -0.734  3.6624  4.643    1 6.606 10.098 8.759 7.537 6.727 6.117 5.257 4.605 4.489
0.017873 0.09000 9.39794 0.7500000000 2.3998889923    0.750 -0.701  3.6689  4.642    1 6.523 9.870 8.594 7.404 6.620 6.030 5.194 4.562 4.450
0.017873 0.09000 9.39794 0.7992638946 2.4184668064    0.799 -0.569  3.6891  4.617    1 6.191 9.092 8.028 6.934 6.228 5.690 4.926 4.359 4.257
0.017873 0.09000 9.39794 0.8412859440 2.4323523045    0.841 -0.459  3.7056  4.596    1 5.917 8.481 7.591 6.568 5.922 5.418 4.709 4.191 4.097
0.017873 0.09000 9.39794 0.8485277891 2.4345860481    0.848 -0.441  3.7084  4.593    1 5.871 8.381 7.520 6.508 5.872 5.372 4.672 4.163 4.070
0.017873 0.09000 9.39794 0.8584411740 2.4375736713    0.858 -0.415  3.7120  4.587    1 5.808 8.249 7.425 6.428 5.803 5.311 4.623 4.124 4.032
0.017873 0.09000 9.39794 0.8977917433 2.4486880302    0.897 -0.318  3.7261  4.565    1 5.564 7.751 7.067 6.125 5.542 5.074 4.430 3.969 3.883
0.017873 0.09000 9.39794 0.9130152464 2.4526934624    0.912 -0.280  3.7311  4.555    1 5.471 7.571 6.936 6.012 5.445 4.984 4.356 3.909 3.825
0.017873 0.09000 9.39794 0.9470555782 2.4611163139    0.947 -0.198  3.7421  4.533    1 5.266 7.181 6.649 5.770 5.234 4.791 4.197 3.777 3.697
0.017873 0.09000 9.39794 0.9769814610 2.4679663181    0.977 -0.127  3.7509  4.511    1 5.089 6.849 6.410 5.567 5.057 4.629 4.059 3.659 3.584
0.017873 0.09000 9.39794 0.9963194728 2.4721417427    0.996 -0.082  3.7564  4.496    1 4.975 6.648 6.261 5.441 4.945 4.525 3.971 3.583 3.511
0.017873 0.09000 9.39794 1.0065275431 2.4742717743    1.006 -0.058  3.7591  4.488    1 4.916 6.546 6.184 5.375 4.887 4.471 3.923 3.541 3.471
0.017873 0.09000 9.39794 1.0331630707 2.4796020985    1.033  0.003  3.7660  4.465    1 4.762 6.294 5.987 5.207 4.736 4.331 3.802 3.435 3.368
0.017873 0.09000 9.39794 1.0455833673 2.4819812775    1.045  0.032  3.7691  4.454    1 4.691 6.179 5.896 5.129 4.667 4.267 3.746 3.386 3.320
0.017873 0.09000 9.39794 1.0587781668 2.4844384193    1.058  0.062  3.7722  4.442    1 4.616 6.062 5.802 5.048 4.594 4.199 3.687 3.333 3.269
0.017873 0.09000 9.39794 1.0837633610 2.4889035225    1.083  0.118  3.7779  4.418    1 4.475 5.847 5.625 4.897 4.458 4.072 3.574 3.233 3.171
0.017873 0.09000 9.39794 1.0948473215 2.4908092022    1.094  0.143  3.7803  4.407    1 4.412 5.754 5.549 4.831 4.397 4.016 3.524 3.188 3.128
0.017873 0.09000 9.39794 1.1112701893 2.4935529232    1.110  0.179  3.7837  4.391    1 4.321 5.625 5.439 4.736 4.310 3.933 3.450 3.121 3.062
0.017873 0.09000 9.39794 1.1343898773 2.4972610474    1.134  0.230  3.7882  4.367    1 4.194 5.449 5.286 4.603 4.188 3.818 3.346 3.026 2.969
0.017873 0.09000 9.39794 1.1441111565 2.4987688065    1.143  0.252  3.7901  4.357    1 4.141 5.377 5.223 4.547 4.137 3.770 3.303 2.986 2.930
0.017873 0.09000 9.39794 1.1588149071 2.5009942055    1.158  0.283  3.7928  4.341    1 4.061 5.271 5.129 4.465 4.060 3.698 3.237 2.926 2.871
0.017873 0.09000 9.39794 1.1813272238 2.5042781830    1.181  0.331  3.7966  4.317    1 3.942 5.115 4.988 4.341 3.945 3.589 3.137 2.834 2.780
0.017873 0.09000 9.39794 1.1933751106 2.5059773922    1.193  0.356  3.7985  4.304    1 3.879 5.035 4.915 4.276 3.885 3.532 3.084 2.785 2.732
0.017873 0.09000 9.39794 1.2147519588 2.5088970661    1.214  0.399  3.8013  4.280    1 3.772 4.905 4.794 4.167 3.782 3.433 2.992 2.699 2.646
0.017873 0.09000 9.39794 1.2426390648 2.5125327110    1.242  0.453  3.8041  4.248    1 3.639 4.749 4.645 4.030 3.652 3.309 2.874 2.586 2.535
0.017873 0.09000 9.39794 1.2907314301 2.5183801651    1.291  0.537  3.8071  4.192    1 3.427 4.515 4.416 3.815 3.445 3.106 2.679 2.397 2.347
0.017873 0.09000 9.39794 1.2919027805 2.5185163021    1.292  0.539  3.8072  4.191    1 3.422 4.509 4.411 3.810 3.440 3.101 2.674 2.393 2.342
0.017873 0.09000 9.39794 1.2948008776 2.5188519955    1.295  0.544  3.8073  4.187    1 3.410 4.497 4.398 3.798 3.427 3.089 2.662 2.381 2.330
0.017873 0.09000 9.39794 1.3350946903 2.5233466625    1.335  0.612  3.8074  4.133    1 3.241 4.328 4.226 3.628 3.258 2.920 2.494 2.213 2.163
0.017873 0.09000 9.39794 1.3411667347 2.5239973068    1.341  0.622  3.8073  4.125    1 3.216 4.304 4.201 3.603 3.233 2.895 2.468 2.188 2.137
0.017873 0.09000 9.39794 1.3414438963 2.5240268707    1.341  0.622  3.8073  4.125    1 3.214 4.303 4.199 3.601 3.232 2.894 2.467 2.187 2.136
0.017873 0.09000 9.39794 1.3879441023 2.5287895203    1.388  0.700  3.8062  4.057    1 3.019 4.119 4.007 3.405 3.034 2.695 2.265 1.984 1.932
0.017873 0.09000 9.39794 1.3904305696 2.5290338993    1.390  0.705  3.8061  4.053    1 3.009 4.109 3.997 3.395 3.024 2.685 2.254 1.973 1.921
0.017873 0.09000 9.39794 1.4215986729 2.5320141315    1.422  0.757  3.8050  4.006    1 2.877 3.988 3.869 3.264 2.891 2.550 2.117 1.834 1.782
0.017873 0.09000 9.39794 1.4396945238 2.5336763859    1.440  0.787  3.8040  3.977    1 2.802 3.922 3.798 3.189 2.814 2.472 2.037 1.752 1.699
0.017873 0.09000 9.39794 1.4526562691 2.5348377228    1.453  0.809  3.8028  3.955    1 2.748 3.878 3.748 3.136 2.758 2.415 1.977 1.690 1.636
0.017873 0.09000 9.39794 1.4858564138 2.5377066135    1.486  0.863  3.7988  3.894    1 2.613 3.778 3.632 3.003 2.617 2.267 1.820 1.525 1.470
0.017873 0.09000 9.39794 1.4889584780 2.5379672050    1.489  0.868  3.7983  3.888    1 2.600 3.770 3.621 2.991 2.604 2.254 1.805 1.510 1.455
0.017873 0.09000 9.39794 1.4962378740 2.5385737419    1.496  0.879  3.7968  3.874    1 2.574 3.757 3.603 2.966 2.576 2.223 1.771 1.472 1.417
0.017873 0.09000 9.39794 1.5149750710 2.5401041508    1.515  0.905  3.7925  3.835    1 2.508 3.731 3.559 2.904 2.505 2.145 1.682 1.376 1.318
0.017873 0.09000 9.39794 1.5328402519 2.5415234566    1.533  0.929  3.7877  3.797    1 2.447 3.716 3.524 2.849 2.439 2.072 1.597 1.281 1.222
0.017873 0.09000 9.39794 1.5382223129 2.5419435501    1.538  0.937  3.7863  3.785    1 2.427 3.710 3.511 2.830 2.418 2.048 1.570 1.251 1.191
0.017873 0.09000 9.39794 1.5489099026 2.5427680016    1.549  0.953  3.7832  3.760    1 2.387 3.701 3.488 2.794 2.375 2.000 1.515 1.189 1.128
0.017873 0.09000 9.39794 1.5565330982 2.5433478355    1.556  0.970  3.7820  3.740    1 2.346 3.672 3.454 2.755 2.333 1.956 1.467 1.140 1.078
0.017873 0.09000 9.39794 1.5596454144 2.5435829163    1.559  0.990  3.7841  3.730    1 2.296 3.602 3.392 2.702 2.285 1.912 1.428 1.105 1.043
0.017873 0.09000 9.39794 1.5637203455 2.5438888073    1.563  1.030  3.7895  3.712    1 2.194 3.448 3.258 2.592 2.187 1.824 1.353 1.042 0.983
0.017873 0.09000 9.39794 1.5646768808 2.5439603329    1.564  1.063  3.7948  3.700    1 2.112 3.320 3.145 2.503 2.110 1.756 1.298 0.998 0.941
0.017873 0.09000 9.39794 1.5650554895 2.5439887047    1.565  1.098  3.8001  3.687    1 2.025 3.187 3.028 2.409 2.029 1.683 1.239 0.950 0.894
0.017873 0.09000 9.39794 1.5652475357 2.5440030098    1.565  1.129  3.8045  3.674    1 1.948 3.078 2.927 2.327 1.957 1.619 1.185 0.905 0.851
0.017873 0.09000 9.39794 1.5653136969 2.5440080166    1.565  1.141  3.8062  3.669    1 1.919 3.036 2.888 2.296 1.930 1.594 1.164 0.888 0.834
0.017873 0.09000 9.39794 1.5653949976 2.5440139771    1.565  1.107  3.8026  3.688    2 2.002 3.146 2.992 2.384 2.009 1.667 1.229 0.945 0.890
0.017873 0.09000 9.39794 1.5654798746 2.5440204144    1.565  1.086  3.7969  3.686    2 2.056 3.246 3.077 2.444 2.056 1.705 1.253 0.957 0.900
0.017873 0.09000 9.39794 1.5656497478 2.5440330505    1.565  1.085  3.7875  3.650    2 2.059 3.334 3.132 2.458 2.050 1.683 1.208 0.893 0.833
0.017873 0.09000 9.39794 1.5659672022 2.5440568924    1.566  1.088  3.7771  3.605    2 2.050 3.431 3.184 2.465 2.033 1.649 1.147 0.809 0.745
0.017873 0.09000 9.39794 1.5665198565 2.5440979004    1.566  1.075  3.7663  3.575    2 2.082 3.586 3.284 2.519 2.061 1.659 1.127 0.765 0.696
0.017873 0.09000 9.39794 1.5671721697 2.5441465378    1.567  1.051  3.7568  3.561    2 2.142 3.761 3.405 2.600 2.120 1.701 1.144 0.759 0.687
0.017873 0.09000 9.39794 1.5677293539 2.5441880226    1.567  1.026  3.7493  3.557    2 2.206 3.923 3.518 2.682 2.185 1.753 1.175 0.771 0.696
0.017873 0.09000 9.39794 1.5682846308 2.5442295074    1.568  0.997  3.7417  3.556    2 2.279 4.104 3.642 2.777 2.260 1.817 1.215 0.792 0.714
0.017873 0.09000 9.39794 1.5688382387 2.5442705154    1.569  0.967  3.7340  3.554    2 2.352 4.287 3.769 2.874 2.339 1.883 1.258 0.814 0.734
0.017873 0.09000 9.39794 1.5694818497 2.5443184376    1.569  0.941  3.7251  3.545    2 2.417 4.485 3.898 2.969 2.413 1.942 1.289 0.821 0.738
0.017873 0.09000 9.39794 1.5703059435 2.5443794727    1.570  0.939  3.7148  3.506    2 2.422 4.652 3.980 3.013 2.431 1.943 1.256 0.760 0.673
0.017873 0.09000 9.39794 1.5710350275 2.5444335938    1.571  0.968  3.7075  3.448    2 2.349 4.705 3.967 2.970 2.369 1.868 1.156 0.639 0.549
0.017873 0.09000 9.39794 1.5715856552 2.5444743633    1.571  1.011  3.7034  3.388    3 2.242 4.671 3.896 2.880 2.269 1.760 1.033 0.506 0.414
0.017873 0.09000 9.39794 1.5720436573 2.5445082188    1.572  1.051  3.7003  3.337    3 2.142 4.624 3.822 2.793 2.174 1.659 0.923 0.387 0.293
0.017873 0.09000 9.39794 1.5725005865 2.5445420742    1.572  1.095  3.6977  3.282    3 2.033 4.566 3.738 2.697 2.071 1.551 0.805 0.261 0.166
0.017873 0.09000 9.39794 1.5729566813 2.5445756912    1.573  1.140  3.6952  3.227    3 1.919 4.500 3.648 2.595 1.962 1.437 0.682 0.131 0.035
0.017873 0.09000 9.39794 1.5734119415 2.5446093082    1.573  1.187  3.6927  3.170    3 1.802 4.429 3.554 2.489 1.850 1.320 0.556 -0.002 -0.099
0.017873 0.09000 9.39794 1.5738662481 2.5446426868    1.574  1.235  3.6903  3.113    3 1.683 4.357 3.458 2.381 1.736 1.202 0.429 -0.136 -0.234
0.017873 0.09000 9.39794 1.5744100809 2.5446829796    1.574  1.292  3.6873  3.044    3 1.540 4.273 3.345 2.254 1.601 1.060 0.276 -0.297 -0.397
0.017873 0.09000 9.39794 1.5749528408 2.5447227955    1.575  1.348  3.6844  2.976    3 1.400 4.190 3.234 2.129 1.467 0.921 0.126 -0.456 -0.557
0.017873 0.09000 9.39794 1.5754066706 2.5447561741    1.575  1.395  3.6819  2.920    3 1.283 4.122 3.142 2.026 1.357 0.806 0.002 -0.587 -0.690
0.017873 0.09000 9.39794 1.5759016275 2.5447926521    1.576  1.446  3.6792  2.858    3 1.155 4.050 3.042 1.913 1.237 0.679 -0.135 -0.732 -0.836
0.017873 0.09000 9.39794 1.5763220787 2.5448236465    1.576  1.490  3.6767  2.804    3 1.045 3.991 2.957 1.817 1.134 0.571 -0.253 -0.857 -0.963
0.017873 0.09000 9.39794 1.5766892433 2.5448505878    1.576  1.529  3.6745  2.756    3 0.947 3.940 2.883 1.732 1.042 0.475 -0.357 -0.968 -1.076
0.017873 0.09000 9.39794 1.5771003962 2.5448808670    1.577  1.574  3.6719  2.701    3 0.835 3.883 2.798 1.636 0.938 0.365 -0.477 -1.096 -1.204
0.017873 0.09000 9.39794 1.5774646997 2.5449075699    1.577  1.614  3.6694  2.652    3 0.735 3.834 2.723 1.549 0.845 0.267 -0.585 -1.211 -1.321
0.017873 0.09000 9.39794 1.5778585672 2.5449364185    1.577  1.659  3.6667  2.596    3 0.623 3.782 2.642 1.455 0.743 0.158 -0.704 -1.338 -1.451
0.017873 0.09000 9.39794 1.5782315731 2.5449638367    1.578  1.702  3.6640  2.542    3 0.514 3.732 2.563 1.364 0.643 0.052 -0.820 -1.463 -1.577
0.017873 0.09000 9.39794 1.5785930157 2.5449903011    1.578  1.745  3.6613  2.488    3 0.407 3.688 2.487 1.274 0.545 -0.052 -0.935 -1.586 -1.703
0.017873 0.09000 9.39794 1.5789332390 2.5450150967    1.579  1.784  3.6588  2.440    3 0.311 3.662 2.424 1.194 0.457 -0.146 -1.039 -1.697 -1.815
0.017873 0.09000 9.39794 1.5793192387 2.5450434685    1.579  1.820  3.6565  2.394    3 0.220 3.640 2.365 1.120 0.374 -0.235 -1.137 -1.802 -1.921
0.017873 0.09000 9.39794 1.5798548460 2.5450825691    1.579  1.856  3.6542  2.350    3 0.131 3.617 2.308 1.048 0.293 -0.322 -1.232 -1.904 -2.025
0.017873 0.09000 9.39794 1.5801064968 2.5451009274    1.580  1.838  3.6555  2.373    3 0.176 3.625 2.335 1.083 0.333 -0.278 -1.184 -1.852 -1.972
0.017873 0.09000 9.39794 1.5803723335 2.5451204777    1.580  1.808  3.6575  2.411    3 0.250 3.640 2.381 1.143 0.400 -0.206 -1.104 -1.765 -1.884
0.017873 0.09000 9.39794 1.5805479288 2.5451331139    1.580  1.770  3.6601  2.459    3 0.344 3.659 2.440 1.218 0.485 -0.114 -1.002 -1.656 -1.773
0.017873 0.09000 9.39794 1.5806972980 2.5451440811    1.580  1.730  3.6628  2.510    3 0.446 3.689 2.507 1.302 0.579 -0.015 -0.892 -1.538 -1.653
0.017873 0.09000 9.39794 1.5808606148 2.5451560020    1.580  1.682  3.6660  2.570    3 0.564 3.738 2.591 1.401 0.686 0.100 -0.765 -1.401 -1.514
0.017873 0.09000 9.39794 1.5809940100 2.5451657772    1.581  1.644  3.6685  2.618    3 0.659 3.779 2.658 1.479 0.773 0.192 -0.663 -1.292 -1.403
0.017873 0.09000 9.39794 1.5811619759 2.5451779366    1.581  1.602  3.6712  2.672    3 0.766 3.826 2.735 1.569 0.871 0.296 -0.548 -1.169 -1.278
0.017873 0.09000 9.39794 1.5813165903 2.5451893806    1.581  1.571  3.6732  2.710    3 0.841 3.860 2.790 1.633 0.941 0.370 -0.467 -1.081 -1.189
0.017873 0.09000 9.39794 1.5814833641 2.5452015400    1.581  1.591  3.6720  2.686    3 0.793 3.836 2.754 1.591 0.895 0.323 -0.519 -1.137 -1.246
0.017873 0.09000 9.39794 1.5818752050 2.5452301502    1.581  1.635  3.6693  2.631    3 0.683 3.785 2.673 1.498 0.794 0.216 -0.637 -1.263 -1.374
0.017873 0.09000 9.39794 1.5823642015 2.5452656746    1.582  1.680  3.6665  2.576    3 0.571 3.733 2.591 1.403 0.691 0.106 -0.757 -1.392 -1.504
0.017873 0.09000 9.39794 1.5828522444 2.5453011990    1.582  1.723  3.6638  2.522    3 0.463 3.684 2.513 1.313 0.592 0.001 -0.872 -1.515 -1.630
0.017873 0.09000 9.39794 1.5833723545 2.5453391075    1.583  1.769  3.6609  2.464    3 0.348 3.644 2.434 1.217 0.487 -0.111 -0.996 -1.647 -1.764
0.017873 0.09000 9.39794 1.5838524103 2.5453739166    1.583  1.812  3.6581  2.410    3 0.241 3.617 2.365 1.129 0.389 -0.216 -1.112 -1.771 -1.890
0.017873 0.09000 9.39794 1.5843290091 2.5454087257    1.584  1.855  3.6553  2.355    3 0.131 3.590 2.295 1.040 0.289 -0.323 -1.230 -1.897 -2.018
0.017873 0.09000 9.39794 1.5847786665 2.5454413891    1.584  1.898  3.6525  2.302    3 0.025 3.566 2.227 0.955 0.193 -0.426 -1.344 -2.020 -2.142
0.017873 0.09000 9.39794 1.5852152109 2.5454728603    1.585  1.941  3.6496  2.247    3 -0.082 3.544 2.160 0.868 0.096 -0.530 -1.460 -2.144 -2.268
0.017873 0.09000 9.39794 1.5856368542 2.5455036163    1.585  1.985  3.6466  2.192    3 -0.191 3.525 2.094 0.783 -0.001 -0.636 -1.577 -2.270 -2.396
0.017873 0.09000 9.39794 1.5860214233 2.5455315113    1.586  2.026  3.6437  2.139    3 -0.296 3.509 2.032 0.701 -0.094 -0.736 -1.690 -2.391 -2.520
0.017873 0.09000 9.39794 1.5863864422 2.5455579758    1.586  2.069  3.6408  2.085    3 -0.401 3.493 1.970 0.620 -0.187 -0.838 -1.803 -2.512 -2.644
0.017873 0.09000 9.39794 1.5867314339 2.5455827713    1.586  2.111  3.6378  2.031    3 -0.507 3.481 1.911 0.541 -0.278 -0.938 -1.916 -2.635 -2.768
0.017873 0.09000 9.39794 1.5870541334 2.5456061363    1.587  2.152  3.6349  1.978    3 -0.611 3.459 1.852 0.461 -0.367 -1.038 -2.027 -2.753 -2.890
0.017873 0.09000 9.39794 1.5873558521 2.5456280708    1.587  2.194  3.6319  1.924    3 -0.715 3.421 1.793 0.379 -0.456 -1.135 -2.137 -2.866 -3.009
0.017873 0.09000 9.39794 1.5874862671 2.5456373692    1.587  2.213  3.6305  1.900    3 -0.763 3.403 1.766 0.342 -0.497 -1.179 -2.187 -2.918 -3.063
0.017873 0.09000 9.39794 1.5876359940 2.5456483364    1.587  2.235  3.6290  1.872    3 -0.816 3.382 1.736 0.301 -0.542 -1.229 -2.244 -2.977 -3.125
0.017873 0.09000 9.39794 1.5879038572 2.5456676483    1.588  2.275  3.6260  1.819    3 -0.919 3.341 1.678 0.223 -0.626 -1.323 -2.352 -3.089 -3.242
0.017873 0.09000 9.39794 1.5881522894 2.5456855297    1.588  2.316  3.6230  1.767    3 -1.020 3.300 1.622 0.147 -0.710 -1.416 -2.458 -3.200 -3.358
0.017873 0.09000 9.39794 1.5883862972 2.5457024574    1.588  2.357  3.6200  1.714    3 -1.122 3.254 1.562 0.069 -0.794 -1.510 -2.565 -3.311 -3.475
0.017873 0.09000 9.39794 1.5886008739 2.5457179546    1.588  2.396  3.6170  1.662    3 -1.221 3.210 1.507 -0.003 -0.873 -1.600 -2.669 -3.420 -3.590
0.017873 0.09000 9.39794 1.5888049603 2.5457327366    1.588  2.437  3.6139  1.610    3 -1.322 3.164 1.450 -0.076 -0.953 -1.691 -2.775 -3.530 -3.707
0.017873 0.09000 9.39794 1.5889904499 2.5457460880    1.589  2.476  3.6110  1.559    3 -1.419 3.119 1.394 -0.147 -1.031 -1.779 -2.877 -3.637 -3.820
0.017873 0.09000 9.39794 1.5891674757 2.5457589626    1.589  2.515  3.6078  1.507    3 -1.518 3.072 1.341 -0.215 -1.107 -1.867 -2.981 -3.746 -3.936
0.017873 0.09000 9.39794 1.5893340111 2.5457708836    1.589  2.555  3.6047  1.455    3 -1.617 3.063 1.295 -0.277 -1.181 -1.957 -3.087 -3.860 -4.055
0.017873 0.09000 9.39794 1.5894829035 2.5457816124    1.589  2.593  3.6017  1.405    3 -1.711 3.064 1.254 -0.334 -1.252 -2.044 -3.189 -3.969 -4.169
0.017873 0.09000 9.39794 1.5896269083 2.5457921028    1.589  2.631  3.5985  1.354    3 -1.808 3.063 1.214 -0.389 -1.321 -2.132 -3.293 -4.082 -4.287
0.017873 0.09000 9.39794 1.5897595882 2.5458016396    1.589  2.669  3.5954  1.303    3 -1.904 3.058 1.176 -0.440 -1.385 -2.219 -3.396 -4.193 -4.403
0.017873 0.09000 9.39794 1.5898822546 2.5458104610    1.589  2.707  3.5923  1.254    3 -1.997 3.057 1.142 -0.488 -1.447 -2.303 -3.497 -4.302 -4.517
0.017873 0.09000 9.39794 1.5899999142 2.5458188057    1.590  2.745  3.5890  1.203    3 -2.091 3.056 1.109 -0.533 -1.508 -2.388 -3.600 -4.413 -4.633
0.017873 0.09000 9.39794 1.5901085138 2.5458266735    1.590  2.782  3.5859  1.153    3 -2.184 3.050 1.080 -0.572 -1.563 -2.470 -3.700 -4.522 -4.746
0.017873 0.09000 9.39794 1.5902088881 2.5458338261    1.590  2.818  3.5827  1.104    3 -2.275 3.047 1.054 -0.608 -1.615 -2.551 -3.799 -4.629 -4.858
0.017873 0.09000 9.39794 1.5903036594 2.5458407402    1.590  2.854  3.5794  1.055    3 -2.365 3.045 1.031 -0.640 -1.665 -2.630 -3.898 -4.735 -4.970
0.017873 0.09000 9.39794 1.5903936625 2.5458471775    1.590  2.890  3.5761  1.005    3 -2.456 3.038 1.017 -0.659 -1.703 -2.708 -3.997 -4.843 -5.082
0.017873 0.09000 9.39794 1.5904928446 2.5458543301    1.590  2.933  3.5721  0.947    3 -2.562 3.038 1.006 -0.676 -1.745 -2.798 -4.115 -4.969 -5.214
0.017873 0.09000 9.39794 1.5905870199 2.5458612442    1.590  2.975  3.5680  0.888    3 -2.669 3.036 1.003 -0.680 -1.779 -2.886 -4.234 -5.096 -5.349
0.017873 0.09000 9.39794 1.5906749964 2.5458674431    1.590  3.018  3.5637  0.828    3 -2.775 3.034 1.011 -0.669 -1.801 -2.970 -4.353 -5.224 -5.483
0.017873 0.09000 9.39794 1.5907565355 2.5458734035    1.590  3.060  3.5596  0.770    3 -2.880 3.030 1.020 -0.656 -1.822 -3.052 -4.471 -5.350 -5.615
0.017873 0.09000 9.39794 1.5908324718 2.5458788872    1.590  3.101  3.5554  0.712    3 -2.983 3.026 1.051 -0.615 -1.825 -3.125 -4.587 -5.474 -5.747
0.017873 0.09000 9.39794 1.5909030437 2.5458838940    1.591  3.142  3.5512  0.654    3 -3.085 3.022 1.082 -0.574 -1.827 -3.197 -4.702 -5.597 -5.877
0.017873 0.09000 9.39794 1.5909676552 2.5458886623    1.591  3.181  3.5469  0.598    3 -3.183 3.019 1.133 -0.506 -1.812 -3.255 -4.814 -5.716 -6.003
0.017873 0.09000 9.39794 1.5910298824 2.5458929539    1.591  3.221  3.5426  0.541    3 -3.283 3.017 1.193 -0.427 -1.790 -3.309 -4.928 -5.837 -6.132
0.017873 0.09000 9.39794 1.5910874605 2.5458972454    1.591  3.260  3.5383  0.485    3 -3.380 3.016 1.266 -0.333 -1.759 -3.353 -5.039 -5.954 -6.257
0.017873 0.09000 9.39794 1.5911425352 2.5459010601    1.591  3.298  3.5340  0.430    3 -3.475 3.016 1.360 -0.215 -1.714 -3.385 -5.149 -6.070 -6.380
0.017873 0.09000 9.39794 1.5911886692 2.5459043980    1.591  3.329  3.5304  0.385    3 -3.551 3.018 1.439 -0.116 -1.675 -3.409 -5.238 -6.164 -6.481
0.017873 0.09000 9.39794 1.5911886692 2.5459043980    1.591  1.722  3.6765  2.576    4 0.466 3.408 2.379 1.234 0.556 -0.007 -0.833 -1.436 -1.543
0.017873 0.09000 9.39794 1.5918589830 2.5459525585    1.591  1.738  3.6751  2.554    4 0.424 3.395 2.352 1.200 0.519 -0.047 -0.879 -1.486 -1.593
0.017873 0.09000 9.39794 1.5925786495 2.5460042953    1.592  1.744  3.6748  2.547    4 0.410 3.387 2.341 1.188 0.505 -0.061 -0.894 -1.502 -1.609
0.017873 0.09000 9.39794 1.5933041573 2.5460562706    1.593  1.744  3.6751  2.549    4 0.411 3.382 2.339 1.188 0.506 -0.060 -0.892 -1.499 -1.606
0.017873 0.09000 9.39794 1.5939705372 2.5461041927    1.594  1.742  3.6754  2.552    4 0.414 3.378 2.339 1.188 0.508 -0.058 -0.888 -1.494 -1.602
0.017873 0.09000 9.39794 1.5947029591 2.5461566448    1.594  1.741  3.6757  2.554    4 0.417 3.374 2.338 1.189 0.509 -0.055 -0.885 -1.490 -1.597
0.017873 0.09000 9.39794 1.5954443216 2.5462095737    1.595  1.740  3.6760  2.556    4 0.419 3.369 2.337 1.190 0.511 -0.053 -0.881 -1.485 -1.592
0.017873 0.09000 9.39794 1.5961838961 2.5462625027    1.596  1.740  3.6763  2.559    4 0.421 3.365 2.336 1.190 0.512 -0.052 -0.879 -1.482 -1.588
0.017873 0.09000 9.39794 1.5969127417 2.5463144779    1.597  1.739  3.6766  2.561    4 0.422 3.360 2.334 1.190 0.513 -0.050 -0.876 -1.478 -1.585
0.017873 0.09000 9.39794 1.5976562500 2.5463674068    1.597  1.739  3.6769  2.562    4 0.424 3.356 2.333 1.189 0.513 -0.049 -0.874 -1.475 -1.582
0.017873 0.09000 9.39794 1.5983997583 2.5464203358    1.598  1.739  3.6771  2.563    4 0.423 3.351 2.330 1.188 0.512 -0.050 -0.874 -1.474 -1.581
0.017873 0.09000 9.39794 1.5991548300 2.5464742184    1.599  1.739  3.6773  2.565    4 0.423 3.346 2.328 1.186 0.512 -0.050 -0.873 -1.473 -1.579
0.017873 0.09000 9.39794 1.5999232531 2.5465288162    1.599  1.739  3.6776  2.565    4 0.423 3.341 2.325 1.185 0.511 -0.050 -0.873 -1.472 -1.578
0.017873 0.09000 9.39794 1.6006376743 2.5465793610    1.600  1.739  3.6777  2.566    4 0.422 3.336 2.323 1.183 0.509 -0.051 -0.873 -1.471 -1.577
0.017873 0.09000 9.39794 1.6013411283 2.5466294289    1.601  1.739  3.6779  2.567    4 0.422 3.332 2.320 1.181 0.508 -0.052 -0.873 -1.471 -1.577
0.017873 0.09000 9.39794 1.6014192104 2.5466349125    1.601  1.739  3.6779  2.567    4 0.422 3.331 2.320 1.181 0.508 -0.052 -0.873 -1.471 -1.577
0.017873 0.09000 9.39794 1.6021058559 2.5466835499    1.602  1.740  3.6781  2.567    4 0.420 3.327 2.317 1.178 0.506 -0.053 -0.874 -1.472 -1.577
0.017873 0.09000 9.39794 1.6028745174 2.5467379093    1.602  1.741  3.6782  2.567    4 0.418 3.322 2.314 1.176 0.504 -0.055 -0.875 -1.472 -1.578
0.017873 0.09000 9.39794 1.6035821438 2.5467879772    1.603  1.742  3.6783  2.567    4 0.416 3.317 2.310 1.173 0.501 -0.058 -0.877 -1.474 -1.579
0.017873 0.09000 9.39794 1.6043362617 2.5468411446    1.604  1.743  3.6784  2.566    4 0.413 3.312 2.306 1.170 0.498 -0.060 -0.880 -1.476 -1.582
0.017873 0.09000 9.39794 1.6050562859 2.5468919277    1.605  1.744  3.6785  2.565    4 0.410 3.308 2.303 1.166 0.495 -0.064 -0.883 -1.479 -1.584
0.017873 0.09000 9.39794 1.6058282852 2.5469462872    1.605  1.746  3.6785  2.564    4 0.406 3.303 2.298 1.162 0.491 -0.068 -0.887 -1.483 -1.588
0.017873 0.09000 9.39794 1.6058830023 2.5469501019    1.605  1.746  3.6785  2.564    4 0.406 3.303 2.298 1.161 0.491 -0.068 -0.887 -1.483 -1.589
0.017873 0.09000 9.39794 1.6064891815 2.5469927788    1.606  1.747  3.6785  2.563    4 0.402 3.299 2.294 1.158 0.487 -0.072 -0.891 -1.487 -1.592
0.017873 0.09000 9.39794 1.6067734957 2.5470128059    1.606  1.748  3.6785  2.562    4 0.400 3.298 2.293 1.156 0.485 -0.073 -0.892 -1.489 -1.594
0.017873 0.09000 9.39794 1.6072144508 2.5470438004    1.607  1.749  3.6785  2.561    4 0.397 3.295 2.290 1.153 0.482 -0.077 -0.896 -1.492 -1.598
0.017873 0.09000 9.39794 1.6079250574 2.5470938683    1.608  1.751  3.6784  2.558    4 0.391 3.291 2.285 1.148 0.477 -0.082 -0.902 -1.498 -1.604
0.017873 0.09000 9.39794 1.6086390018 2.5471439362    1.608  1.754  3.6783  2.555    4 0.385 3.287 2.279 1.142 0.470 -0.089 -0.909 -1.506 -1.611
0.017873 0.09000 9.39794 1.6093537807 2.5471940041    1.609  1.757  3.6781  2.552    4 0.377 3.282 2.273 1.135 0.463 -0.097 -0.917 -1.514 -1.620
0.017873 0.09000 9.39794 1.6100746393 2.5472445488    1.610  1.761  3.6779  2.547    4 0.368 3.278 2.267 1.127 0.455 -0.106 -0.927 -1.525 -1.631
0.017873 0.09000 9.39794 1.6108049154 2.5472955704    1.610  1.765  3.6776  2.542    4 0.357 3.274 2.259 1.118 0.445 -0.116 -0.939 -1.538 -1.644
0.017873 0.09000 9.39794 1.6115292311 2.5473461151    1.611  1.770  3.6772  2.536    4 0.345 3.269 2.251 1.108 0.434 -0.128 -0.952 -1.552 -1.658
0.017873 0.09000 9.39794 1.6122616529 2.5473973751    1.612  1.778  3.6766  2.526    4 0.326 3.263 2.238 1.093 0.416 -0.146 -0.973 -1.575 -1.681
0.017873 0.09000 9.39794 1.6129924059 2.5474483967    1.613  1.786  3.6758  2.515    4 0.304 3.257 2.224 1.075 0.397 -0.168 -0.997 -1.601 -1.708
0.017873 0.09000 9.39794 1.6137498617 2.5475010872    1.613  1.796  3.6750  2.502    4 0.280 3.251 2.209 1.056 0.376 -0.191 -1.023 -1.630 -1.737
0.017873 0.09000 9.39794 1.6145170927 2.5475544930    1.614  1.818  3.6731  2.473    4 0.226 3.245 2.177 1.013 0.326 -0.244 -1.084 -1.696 -1.805
0.017873 0.09000 9.39794 1.6151359081 2.5475974083    1.615  1.853  3.6699  2.424    4 0.137 3.236 2.125 0.943 0.245 -0.332 -1.183 -1.804 -1.915
0.017873 0.09000 9.39794 1.6154588461 2.5476198196    1.615  1.893  3.6665  2.372    4 0.039 3.230 2.071 0.868 0.158 -0.427 -1.292 -1.923 -2.036
0.017873 0.09000 9.39794 1.6156241894 2.5476315022    1.615  1.931  3.6632  2.319    4 -0.059 3.222 2.015 0.792 0.071 -0.522 -1.399 -2.040 -2.155
0.017873 0.09000 9.39794 1.6157075167 2.5476372242    1.615  1.971  3.6598  2.267    4 -0.157 3.214 1.960 0.716 -0.017 -0.617 -1.507 -2.157 -2.275
0.017873 0.09000 9.39794 1.6157487631 2.5476400852    1.615  2.009  3.6566  2.215    4 -0.253 3.211 1.908 0.644 -0.102 -0.710 -1.613 -2.272 -2.392
0.017873 0.09000 9.39794 1.6157726049 2.5476417542    1.615  2.048  3.6534  2.164    4 -0.350 3.206 1.854 0.570 -0.187 -0.803 -1.719 -2.388 -2.510
0.017873 0.09000 9.39794 1.6157876253 2.5476427078    1.615  2.085  3.6503  2.115    4 -0.442 3.200 1.803 0.500 -0.269 -0.892 -1.820 -2.498 -2.623
0.017873 0.09000 9.39794 1.6157904863 2.5476429462    1.615  2.093  3.6497  2.104    4 -0.463 3.199 1.792 0.485 -0.287 -0.912 -1.843 -2.522 -2.647
0.017873 0.09000 9.39794 1.6157907248 2.5476429462    1.615  2.094  3.6496  2.103    7 -0.464 3.199 1.791 0.483 -0.288 -0.913 -1.844 -2.524 -2.649
0.017873 0.09000 9.39794 1.6157915592 2.5476429462    1.615  2.096  3.6494  2.099    7 -0.471 3.199 1.787 0.478 -0.294 -0.920 -1.852 -2.533 -2.658
0.017873 0.09000 9.39794 1.6158031225 2.5476438999    1.615  2.137  3.6461  2.046    7 -0.572 3.197 1.734 0.404 -0.382 -1.017 -1.962 -2.652 -2.780
0.017873 0.09000 9.39794 1.6158138514 2.5476446152    1.615  2.177  3.6429  1.993    7 -0.672 3.192 1.682 0.330 -0.467 -1.111 -2.070 -2.769 -2.899
0.017873 0.09000 9.39794 1.6158245802 2.5476453304    1.615  2.213  3.6399  1.944    7 -0.764 3.169 1.634 0.259 -0.547 -1.198 -2.168 -2.872 -3.007
0.017873 0.09000 9.39794 1.6158396006 2.5476462841    1.615  2.243  3.6375  1.905    7 -0.838 3.150 1.596 0.203 -0.609 -1.267 -2.247 -2.955 -3.093
0.017873 0.09000 9.39794 1.6158678532 2.5476484299    1.615  2.224  3.6391  1.931    7 -0.790 3.161 1.619 0.239 -0.569 -1.222 -2.196 -2.901 -3.037
0.017873 0.09000 9.39794 1.6158936024 2.5476500988    1.615  2.187  3.6422  1.980    7 -0.697 3.184 1.667 0.310 -0.490 -1.135 -2.096 -2.797 -2.928
0.017873 0.09000 9.39794 1.6159509420 2.5476541519    1.615  2.148  3.6453  2.032    7 -0.599 3.193 1.718 0.383 -0.405 -1.043 -1.991 -2.684 -2.812
0.017873 0.09000 9.39794 1.6160777807 2.5476629734    1.616  2.126  3.6471  2.061    7 -0.544 3.195 1.747 0.423 -0.358 -0.990 -1.931 -2.619 -2.745
0.017873 0.09000 9.39794 1.6166896820 2.5477054119    1.616  2.152  3.6450  2.027    7 -0.610 3.195 1.714 0.376 -0.414 -1.052 -2.002 -2.696 -2.825
0.017873 0.09000 9.39794 1.6170333624 2.5477292538    1.617  2.192  3.6417  1.973    7 -0.710 3.182 1.661 0.300 -0.501 -1.148 -2.111 -2.812 -2.944
0.017873 0.09000 9.39794 1.6173121929 2.5477485657    1.617  2.234  3.6383  1.918    7 -0.815 3.156 1.607 0.220 -0.590 -1.246 -2.223 -2.930 -3.067
0.017873 0.09000 9.39794 1.6175392866 2.5477643013    1.617  2.276  3.6348  1.862    7 -0.920 3.128 1.553 0.142 -0.678 -1.343 -2.335 -3.047 -3.190
0.017873 0.09000 9.39794 1.6177265644 2.5477771759    1.617  2.318  3.6314  1.807    7 -1.024 3.098 1.498 0.064 -0.765 -1.439 -2.445 -3.162 -3.311
0.017873 0.09000 9.39794 1.6178857088 2.5477881432    1.617  2.359  3.6281  1.752    7 -1.127 3.066 1.444 -0.012 -0.849 -1.534 -2.555 -3.277 -3.432
0.017873 0.09000 9.39794 1.6180237532 2.5477976799    1.618  2.400  3.6247  1.698    7 -1.229 3.030 1.390 -0.087 -0.932 -1.627 -2.663 -3.391 -3.552
0.017873 0.09000 9.39794 1.6181459427 2.5478062630    1.618  2.441  3.6213  1.644    7 -1.332 2.994 1.335 -0.162 -1.014 -1.720 -2.771 -3.504 -3.672
0.017873 0.09000 9.39794 1.6182571650 2.5478138924    1.618  2.481  3.6179  1.589    7 -1.433 2.955 1.281 -0.234 -1.094 -1.812 -2.879 -3.617 -3.792
0.017873 0.09000 9.39794 1.6183598042 2.5478210449    1.618  2.522  3.6145  1.535    7 -1.535 2.916 1.227 -0.305 -1.173 -1.903 -2.986 -3.731 -3.912
0.017873 0.09000 9.39794 1.6184552908 2.5478277206    1.618  2.563  3.6111  1.480    7 -1.638 2.893 1.176 -0.374 -1.253 -1.995 -3.095 -3.846 -4.035
0.017873 0.09000 9.39794 1.6185442209 2.5478336811    1.618  2.604  3.6076  1.425    7 -1.741 2.897 1.133 -0.436 -1.330 -2.090 -3.207 -3.968 -4.161
0.017873 0.09000 9.39794 1.6186227798 2.5478391647    1.618  2.644  3.6042  1.372    7 -1.840 2.903 1.093 -0.493 -1.402 -2.180 -3.314 -4.084 -4.282
0.017873 0.09000 9.39794 1.6187012196 2.5478446484    1.618  2.684  3.6007  1.318    7 -1.940 2.911 1.054 -0.550 -1.474 -2.270 -3.421 -4.202 -4.405
0.017873 0.09000 9.39794 1.6187789440 2.5478501320    1.618  2.724  3.5971  1.263    7 -2.041 2.914 1.019 -0.601 -1.541 -2.361 -3.531 -4.321 -4.529
0.017873 0.09000 9.39794 1.6188538074 2.5478551388    1.618  2.766  3.5933  1.206    7 -2.146 2.918 0.983 -0.653 -1.609 -2.456 -3.645 -4.445 -4.659
0.017873 0.09000 9.39794 1.6189172268 2.5478596687    1.618  2.812  3.5892  1.144    7 -2.260 2.922 0.947 -0.705 -1.681 -2.558 -3.769 -4.580 -4.800
0.017873 0.09000 9.39794 1.6189599037 2.5478625298    1.618  2.859  3.5849  1.080    7 -2.376 2.923 0.918 -0.748 -1.746 -2.660 -3.896 -4.717 -4.945
0.017873 0.09000 9.39794 1.6189893484 2.5478646755    1.618  2.902  3.5809  1.021    7 -2.484 2.926 0.891 -0.788 -1.805 -2.754 -4.014 -4.845 -5.079
0.017873 0.09000 9.39794 1.6190147400 2.5478663445    1.619  2.944  3.5768  0.963    7 -2.589 2.927 0.879 -0.807 -1.849 -2.844 -4.130 -4.971 -5.211
0.017873 0.09000 9.39794 1.6190378666 2.5478680134    1.619  2.985  3.5727  0.905    7 -2.692 2.931 0.873 -0.819 -1.887 -2.931 -4.245 -5.095 -5.341
0.017873 0.09000 9.39794 1.6190598011 2.5478694439    1.619  3.026  3.5685  0.848    7 -2.794 2.934 0.873 -0.821 -1.917 -3.014 -4.358 -5.218 -5.471
0.017873 0.09000 9.39794 1.6190788746 2.5478706360    1.619  3.063  3.5647  0.795    7 -2.887 2.935 0.885 -0.807 -1.934 -3.087 -4.463 -5.330 -5.589
0.017873 0.09000 9.39794 1.6191002131 2.5478723049    1.619  3.103  3.5604  0.738    7 -2.988 2.936 0.898 -0.790 -1.951 -3.166 -4.577 -5.452 -5.718
0.017873 0.09000 9.39794 1.6191220284 2.5478737354    1.619  3.140  3.5564  0.685    7 -3.081 2.936 0.930 -0.749 -1.949 -3.231 -4.682 -5.565 -5.838
0.017873 0.09000 9.39794 1.6191455126 2.5478754044    1.619  3.177  3.5524  0.632    7 -3.172 2.937 0.966 -0.702 -1.944 -3.293 -4.785 -5.676 -5.955
0.017873 0.09000 9.39794 1.6191715002 2.5478770733    1.619  3.214  3.5482  0.579    7 -3.264 2.938 1.014 -0.640 -1.930 -3.349 -4.891 -5.789 -6.075
0.017873 0.09000 9.39794 1.6191930771 2.5478787422    1.619  3.244  3.5448  0.535    7 -3.339 2.939 1.066 -0.573 -1.908 -3.388 -4.977 -5.881 -6.173
0.017873 0.09000 9.39794 1.6191973686 2.5478789806    1.619  3.219  3.5476  0.570    7 -3.279 2.938 1.022 -0.629 -1.927 -3.358 -4.907 -5.807 -6.094
0.017873 0.09000 9.39794 1.6191999912 2.5478792191    1.619  3.224  3.5472  0.564    7 -3.289 2.937 1.028 -0.621 -1.925 -3.363 -4.919 -5.820 -6.107
0.017873 0.09000 9.39794 1.6192015409 2.5478792191    1.619  3.257  3.5433  0.515    7 -3.373 2.939 1.087 -0.544 -1.900 -3.406 -5.016 -5.923 -6.217
0.017873 0.09000 9.39794 1.6192033291 2.5478794575    1.619  3.291  3.5391  0.464    7 -3.459 2.944 1.162 -0.450 -1.864 -3.445 -5.115 -6.028 -6.330
0.017873 0.09000 9.39794 1.6192054749 2.5478794575    1.619  3.325  3.5351  0.415    7 -3.542 2.948 1.254 -0.335 -1.817 -3.469 -5.213 -6.131 -6.440
0.017873 0.09000 9.39794 1.6192088127 2.5478796959    1.619  3.362  3.5304  0.359    7 -3.634 2.955 1.363 -0.199 -1.760 -3.494 -5.321 -6.245 -6.564
0.017873 0.09000 9.39794 1.6192127466 2.5478799343    1.619  3.383  3.5278  0.327    7 -3.687 2.957 1.438 -0.106 -1.719 -3.493 -5.384 -6.311 -6.634
#isochrone terminated
