No
--
0054
0055
0092
0093
0094
0107
0108
0109
0129
0130
0134
0138
0139
0149
0167
0190
0192
0206
0215
0230
0234
0258
0266
0273
0321
0333
0347
0356
0361
0377
0381
0407
0417
0425
0433
0443
0446
0462
0524
0529
0530
0545
0548
0550
0552
0553
0557
0568
0571
0572
0576
0704
0706
0717
0793
0851
0857
0882
1008
1028
1035
1062
1299
1410
1611
1955
2217
2319
2432
2673
2676
2780
3001
3003
3004
3005
3006
3014
3063
3066
3076
3080
3103
3134
3272
3393
3600
3606
3623
3632
3657
3773
3801
3802
3805
3806
3807
3808
3809
3810
3811
3816
3818
3819
3820
3823
3825
3826
3827
3828
3829
3830
3831
3832
3833
3837
3838
3839
3841
3844
3847
3848
3849
3850
3853
3854
3855
3857
3859
3860
3861
3862
3864
3865
3870
3872
3873
3874
3875
3876
3877
3878
3879
3880
3881
3882
3883
3884
3885
3886
4023
4027
4105
4133
4144
4159
4167
4232
4312
4511
4624
4690
4734
4749
4951
5031
5033
5189
5221
5259
5401
5424
5503
5596
5700
5839
5842
5879
5920
6247
6310
6572
7434
7612
7776
8041
8052
8302
8428
8440
8450
8484
9004
9093
9125
9219
