No	R1	R2	R3	R4	R5	R6	R7	R8	R9	R10	R11	R12	R13	R14	R15
--	--	--	--	--	--	--	--	--	--	---	---	---	---	---	---
0001	1	273													
0002	2	275													
0003	3	276					117								
0004	4	277					118								
0005	5	281					122								
0006	6	292					126								
0007	7	293					127								
0008	8	305					129								
0009	9	315					131								
0010	10	316					132								
0011	11	325					136								
0012	12	334					141								
0013	13	344					144								
0014	14	348		2			147	6							
0015	15	347		1			146	5							
0016	16	363	528	3			151	7	82	162				1	
0017	17	359					150								
0018	18	368					154								
0019	19	375													
0020	20	381		6			159	9				258			
0021	21	384										259			
0022	22	383		10			161	10				260			
0023	23	388	541	8			164	12	88	168		263			
0024	24	386										261			
0025	25	393										264			
0026	26	399					167					265			
0027	27	408	550	9			168	13	92	173		268	153		
0028	28	415					171					270			
0029	29	416										269			
0030	30	418		11			172	14			50	1			
0031	31	441	560	14	6		183	15	99	184	53	2		2	
0032	32	440	561	13	5		182	16	98	182		277	162		
0033	33	445			9							279			
0034	34	443	555	15			185	17	100	185	54	3		3	
0035	35	447					186					280			
0036	36	450		16			188	18				281			
0037	37	453					189					283			
0038	38	455		17			190	19			56	5			
0039	39	456					191					285			
0040	40	467		18	13		193	20	108		57	6		4	
0041	41	470			17							7			
0042	42	471		19	16		194								
0043	43	478		20	19		197	21			60	9			
0044	44	481		21	21		198	23			62	11			
0045	45	483		22	20		200	22	110		61	10			
0046	46	490										294			
0047	47	489		23			202	24	111		63	12			
0048	48	497			26		204		112	196		295	179		
0049	49	498	600	24	25		205	25	113	197	64	13			
0050	50	501		25			206	26			65	14			
0051	51	503					207					300			
0052	52	505					209		114			301	180		
0053	53	504					208								
0054	54	511		27			213	28			66	15			
0055	55	508	613	26	32		212	27	115	199				5	
0056	56	512		28	33		214					305			
0057	57	516										309			
0058	58	515	619	29	36		215	29		201		308			
0059	59	521			38							312			
0060	60	518			35				117	203		310			
0061	61	519					217					311			
0062	62	535										320			
0063	63	532		30	40		221	30				316			
0064	64	530					220	31				315			
0065	65	540										327			
0066	66	536			51		223					323			
0067	67	538			48							325			
0068	68	541		31	46		224	32				324			
0069	69	543			53		225					330			
0070	70	545	618	32			226		118	207		329	188		
0071	71	553										333			
0072	72	556			54							336			
0073	73	559			61										
0074	74	558			58		230				67	16			
0075	75	560		33	64		231	33			72	17			
0076	76	565		34			232	34				341			
0077	77	567					233					342			
0078	78	568					234				73	18			
0079	79	572	644		68		237			211		347			
0080	80	571			69										
0081	81	579			73		241					350			
0082	82	584			74							352			
0083	83	587		37	77		244	35			77	19			
0084	84	589			79		246					355			
0085	85	585		36	78		242					354			
0086	86	594					248	36				359			
0087	87	591			76							357			
0088	88	586			75		243					353			
0089	89	596		38	81		250	37			78	20			
0090	90	598	649	39	80		252	38	122	222	79	21			
0091	91	602					254	39				364			
0092	92	604			87							366			
0093	93	606			92							368			
0094	94	616		40	96		257	40			80	22			
0095	95	619			100							376			
0096	96	617					258					374			
0097	97	624			99		263					377			
0098	98	620			97		260				81	23			
0099	99	625		43	103		264	41			83	25			
0100	100	621	677	42	104		261	42		228	82	24		6	
0101	101	626			102							378			
0102	102	635		44	110		266					385			
0103	103	634			108							384			
0104	104	637		45			267	43			84	26			
0105	105	639			115		268					387			
0106	106	641			113		270					388			
0107	107	640		46	112		269	44			86	28			
0108	108	643		47	114		272	45			87	29			
0109	109	648		48	118		274	46	127		88	30			
0110	110	646			117							391			
0111	111	652			121		275				89	31			
0112	112	654		49	122		276				90	32			
0113	113	658			131							395			
0114	114	659		50	129		279	47			93	35			
0115	115	660			128							396			
0116	116	655			123		277					394			
0117	117	661		51	126		280	48			91	33			
0118	118	667			127						94	36			
0119	119	664			124						92	34			
0120	120	676										403			
0121	121	684		52	139		288	49				410			
0122	122	687			141		291					411			
0123	123	690										415			
0124	124	691	709	53	144		292	50	133	248	96	37			
0125	125	695			151										
0126	126	692			146							418			
0127	127	700	730	54	155		293	51		249		424			
0128	128	696			149							421			
0129	129	702		55	156		294				97	38			
0130	130	708		56	162		297	52			98	39			
0131	131	706					296					427			
0132	132	712			160							431			
0133	133	713			159		298					432			
0134	134	718		57	165		302	55			99	40			
0135	135	727		58	170		305	56				438			
0136	136	730			171		307				101	42			
0137	137	735										446			
0138	138	733		59	174		308	57			102	43			
0139	139	736			182		310				104	44			
0140	140	741			184	1					105	45			
0141	141	746			183		313		141	263		449	243		
0142	142	744	750	60	185	2	311	58	142	265	106	46		7	
0143	143	747		61	187		314	59			108	48			
0144	144	749			188										
0145	145	754			194							453			
0146	146	750	763	62	192		315	60		269	109	49			
0147	147	759					320					455			
0148	148	756					317	61				454			
0149	149	760			193		321					457			
0150	150	761		63	195	4	322	62	145		110	50			
0151	151	764			200		323					458			
0152	152	765			196						111	51			
0153	153	777			205							465			
0154	154	775		64	204	8	328	64	147		113	52			
0155	155	778	759	65	206	9	329	65		275	115	54			
0156	156	779					330	66	149		114	53			
0157	157	782					332	67				469			
0158	158	784			211	12					119	58			
0159	159	785			219		333								
0160	160	786										470			
0161	161	788					335	68				55			
0162	162	787	764	66	209		334	69	152	277	118	57			
0163	163	790			217	14						473			
0164	164	789	783	67	220		336	70		279		472			
0165	165	795			218							478			
0166	166	796			221		338					481			
0167	167	805		68	233		341	71			124	63			
0168	168	807					343					486			
0169	169	808			231		344					487			
0170	170	811			229		346					488			
0171	171	817					348								
0172	172	818			225	28	349		158	290	126	65	262		
0173	173	819			239		350					496			
0174	174	813					347	72				494			
0175	175	822			241		352					501			
0176	176	823			246							499			
0177	177	825			243							502			
0178	178	834										503			
0179	179	827		69	249		355				128	67			
0180	180	835			253							504			
0181	181	828		70	248	32	356	74	160		127	66		8	
0182	182	847	813	72	257		363	75		296	131	70		9	
0183	183	844			255	40	361		163	294	130	69	266		
0184	184	843	795	71	254	39	360		162	293		507	265	10	
0185	185	849			258		365					509			
0186	186	852			262	45						510			
0187	187	854		73	261	44	368				132	71			
0188	188	859													
0189	189	856										512			
0190	190	857		74	268		369	77			134	73			
0191	191	860			260		370					514			
0192	192	861		75	263		371	78			133	72			
0193	193	864			275		372				135	74			
0194	194	865			276		373				136	75			
0195	195	866			274	52	374					522			
0196	196	867	806				375	79	164	300					
0197	197	868			279	56	376				137	76			
0198	198	870	824		281	58	377		168	306	139	77			
0199	199	873			283	61						530			
0200	200	874							170			531			
0201	201	875			285	64					140	78			
0202	202	878			291							533			
0203	203	877		76	290		379	81			143	80			
0204	204	880		77		67	381	80			142	79			
0205	205	881			284							535			
0206	206	884			292	69	384					81			
0207	207	889		78	293		387	82			145	82			
0208	208	891	835	79	298	73	388	83	171	712	146	83			
0209	209	892			300	76	389		172	316	147	84	287		
0210	210	896			306	80					148	85			
0211	211	901			310							551			
0212	212	899		80	327	84	390	84			149	86		11	
0213	213	900		81	311	85	391				150	87		12	
0214	214	903			313	86					151	88			
0215	215	906		83	319	89	394	85			153	90			
0216	216	904		82			393	86							
0217	217	908	842	85	317		396	87	175	322	152	89		13	
0218	218	907	867	84			395	88		323					
0219	219	909					397					555			
0220	220	910			318						154	91			
0221	221	915			321	94	399				157	92			
0222	222	917		86	323		401	89			158	93		14	
0223	223	919			324	98						557			
0224	224	921		87		99	402	90			161	94		15	
0225	225	920										558			
0226	226	922		88	331		403	91			166	98			
0227	227	929	851	93	329		409	92	176	324	165	97			
0228	228	924			326							559			
0229	229	925		89	328	102	405	93			164	96		16	
0230	230	928		92	333	104	408	94				561			
0231	231	927		91	332	103	407					560			
0232	232	926	869	90	335		406	95		325	167	99			
0233	233	932			334							565			
0234	234	938					414	96	178			567			
0235	235	931			336		410					564			
0236	236	934			338	105	411					563		17	
0237	237	935			339	106			177		168	100		18	
0238	238	937	871	95	341	107	413	97	179	327	169	101		19	
0239	239	936	875	94	344		412	98		328	170	102		20	
0240	240	939			348	109	415					571			
0241	241	942			350	110	416					572			
0242	242	944					418								
0243	243	945					419								
0244	244	947	857		347		420	99		330	171	103		21	
0245	245	949			349							576			
0246	246	951			352	112	423		184	332					
0247	247	950			355		422				175	107			
0248	248	948		96	353		421	100			172	104			
0249	249	953			351							579			
0250	250	952	879	97	357	114	424	101	186	334	174	106			
0251	251	959			359	121					178	109			
0252	252	957			360	120	426				177	108			
0253	253	958		98	365		427	102			180	111			
0254	254	962			368							583			
0255	255	961		99	369		428	103				582			
0256	256	964			358		430		187	336		585	298	22	
0257	257	967	873	101	366		433	104	189	337		584			
0258	258	963		100	364	122	429	105	188		179	110			
0259	259	966			371		432				183	112			
0260	260	969			372		434				184	113			
0261	261	971			370							589			
0262	262	972			373	125						588			
0263	263	973		102	374	126	435		190	342	185	114		23	
0264	264	975					436								
0265	265	979		104		129	438	107			186	115			
0266	266	976		103	376	128	437	106				591			
0267	267	985			383	134			193	346	188	117		24	
0268	268	982	890	105	380	133	440	108	192	345	187	116			
0269	269	981			377		439					594			
0270	270	988					442	110							
0271	271	987		106	390		441	109			190	119			
0272	272	989			392	137	443		196		191	120	306		
0273	273	991		108	394		445				192	121			
0274	274	990		107	393	140	444	111				603			
0275	275	993		109	397	144	446	113	199		193	122		25	
0276	276	997		110		145	448	112			194	123			
0277	277	994			395		447					606			
0278	278	996													
0279	279	1003		111	407	150	452	114			198	127			
0280	280	1000			405	148						611			
0281	281	1002			402		451					613			
0282	282	1008		113	414		455	117			200	129		26	
0283	283	1009		114	413	154	456	116			199	128			
0284	284	1005		112		152	454	115			196	125			
0285	285	1011										618			
0286	286	1012		116	420	159	457	120	203		205	133			
0287	287	1014		117	419	158	459	119			204	132			
0288	288	1013		115	417	157	458	118	202		203	131		27	
0289	289														
0290	290	1023					463								
0291	291	1026		119	431		465	123				625			
0292	292	1022		118	429		462	122			208	136		28	
0293	293	1027	911	120	425	162	466	121	206	357	206	134		29	
0294	294	1024			422							626			
0295	295	1028	918	121	426	163	467	124	207	358	207	135			
0296	296	1035			437							629			
0297	297	1033	931		436		470	126		362		627			
0298	298	1034			434										
0299	299	1032			433	166			209		210	138			
0300	300	1031		122		164	469	125			209	137			
0301	301	1036	914	123	432		471	128	210	361		632			
0302	302	1037					472	127							
0303	303	1038			435		473					635			
0304	304	1044	935	124	448		475	129		366		636			
0305	305	1048		125	446	170	478					640			
0306	306	1045			442						212	140			
0307	307	1043			438							638			
0308	308	1042			439	168						637			
0309	309	1049	932	126	445	171	479	131	213	367		639			
0310	310	1050			444	174	480					643			
0311	311	1046					476	130				642			
0312	312	1047					477					644			
0313	313	1053			451	176	481		215		215	142	323		
0314	314	1052													
0315	315	1056		128	459		483					648			
0316	316	1058			457	181					220	147			
0317	317	1059			456	180	485				218	145			
0318	318	1054		127	449		482	132	214		214	141			
0319	319	1055			450							649			
0320	320	1064			458		487				219	146			
0321	321	1067		129	464	186	488	133			222	149			
0322	322	1070	946	130	467	188	490	134	218	375	224	151		30	
0323	323	1071		131	465		491	135	217		223	150		31	
0324	324	1073						136							
0325	325	1078	943	134	472		495	137		377	227	153		32	
0326	326	1077	948	133	475	194	494	138	220	378	228	154			
0327	327	1075		132	474		492	139			229	155			
0328	328	1079		135		195	496	140			230	156			
0329	329	1081			477	196						660			
0330	330	1082													
0331	331	1084			480	198					231	157			
0332	332	1086	953	136	483		498	141	222	385	232	158			
0333	333	1088		137	487	202	499	142			234	160			
0334	334	1091	960	139	490	203	502	143	223	387	235	161		33	
0335	335	1090	961	138	491	204	501	144	224	388	236	162			
0336	336	1092	950				503	145	225	389		671			
0337	337	1094					505								
0338	338	1095		140	493		506	146			237	163			
0339	339	1096			496	205					238	164			
0340	340	1098		141	498		507	147			240	166			
0341	341	1100		142	499	209	508	148	226		241	167			
0342	342	1104			502	211	510					674			
0343	343	1108			504						245	169			
0344	344	1106		143	506	215	511			395					
0345	345	1112			510	220						681			
0346	346	1111			511	218						680			
0347	347	1110			509	217	512		228	397		678	336		
0348	348	1114		145		223	514	149			246	170			
0349	349	1115			513	224	515		230		248	171	339		
0350	350	1113		144	514	225	513	150	231		249	172			
0351	351	1118			518	230						686			
0352	352	1119			522	235						691			
0353	353	1120					517			404					
0354	354	1129			530							695			
0355	355	1127			528	240					251	174			
0356	356	1126		146	525	239	521	151			250	173			
0357	357	1128			526		522					696			
0358	358	1131			529	241	523					698			
0359	359	1139			536	244					256	178			
0360	360	1135		147	532	243	526	152			253	175			
0361	361	1145		148	540	250	529	154				702			
0362	362	1141			538	247						700			
0363	363	1138			534	245	527		234	406	254	176			
0364	364	1137			533							701			
0365	365	1142			537		528	153	235	407	255	177			
0366	366	1148			544						259	181			
0367	367	1149		149	543	251	531	156	236		257	179		34	
0368	368	1150		150	546	255	532	155	238		261	183		35	
0369	369	1156			551							706			
0370	370	1152	1009	152	549	257	534	158	240	412	262	184		36	
0371	371	1151	1000	151	545	256	533	157	239	410	260	182		37	
0372	372	1158			553		537				263	185			
0373	373	1157			547		536					708			
0374	374	1162			558							710			
0375	375	1164		153	557	261	539	159	244		266	188			
0376	376	1161			554	260	538				264	186			
0377	377	1165		154			540	160							
0378	378	1167										714			
0379	379	1166					541	161							
0380	380	1172			566	265					270	191			
0381	381	1170			562	264						715			
0382	382	1171			563							717			
0383	383	1175			565							718			
0384	384	1173					542								
0385	385	1180		155	568		544	163	248		271	192			
0386	386	1177					543	162							
0387	387	1185		156	577		545	164			272	193			
0388	388	1187					547					729			
0389	389	1190			580							727			
0390	390	1189								429		731	365		
0391	391	1201										732			
0392	392	1197	1037	157	583	277	552	165	252	431	276	195		38	
0393	393	1199			582	278						733			
0394	394	1198					553								
0395	395	1203			587							734			
0396	396	1205	1034	158	586	281	555	166	254	731	278	196			
0397	397	1208		159	588	283	556	167				739			
0398	398	1211		161	592		558	168				738			
0399	399	1209	1038	160	589	284	557	169	256	435	281	198			
0400	400	1215		162	594	289	559	170							
0401	401	1214							257	436			375	39	
0402	402	1216										743			
0403	403	1220	1054	163	598		562	171		440	284	201			
0404	404	1221			600	293	563				285	202			
0405	405	1225					565					755			
0406	406	1226			603	296	566					751			
0407	407	1223		164	602	295	564	172			286	203			
0408	408	1228		165	607	299	568	173							
0409	409	1227			608		567					747			
0410	410	1230					569					749			
0411	411	1232	1048	167	610		571	174		442	287	204			
0412	412	1231		166			570					752			
0413	413	1235			613		573					762			
0414	414	1237			617		575					757			
0415	415	1239			619				261	448		766			
0416	416	1242	1068	168	624		576	175	262	449	291	206			
0417	417	1244			625		578		263	451		772	388	40	
0418	418	1243	1079	169	626		577	176		450		770			
0419	419	1245			628		579					774			
0420	420	1246			629		580								
0421	421	1248	1070	170	631		581	177	265	453	293	208			
0422	422	1247			630						292	207			
0423	423	1251		171	632		583	178			294	209			
0424	424	1252		172	633		584				295	210			
0425	425	1253	1077	173	634		585	179	267	454	296	211	391		
0426	426	1254													
0427	427	1257		174	636		586	180				776			
0428	428	1258		175	638		587	181			297	212		41	
0429	429	1263		176	644		591	182			301	214			
0430	430	1260	1092		641		589			461	300	213			
0431	431	1270			649		594					788			
0432	432	1276	1098	180	655		598	186	272	464	304	217			
0433	433	1274		177	653		597	185			303	216			
0434	434	1273	1088	179	652		596	184	271	463	302	215		42	
0435	435	1272		178	651		595	183				789			
0436	436	1285					603					794			
0437	437	1279			659							793			
0438	438	1284			660		602				306	219			
0439	439	1283	1090				601	187	273	467	305	218			
0440	440	1290		181	666		604					800			
0441	441	1291			667						308	220			
0442	442	1292			670						309	221			
0443	443	1297		182	679		607	188			310	222			
0444	444	1298			680		608					812			
0445	445	1300		183	681		609	189	276		311	223			
0446	446	1302		184	688		610				313	225			
0447	447	1305			693		612					820			
0448	448	1306	1110		692		613		278	472		824	408		
0449	449	1304					611	190	277		312	224			
0450	450	1313			703		618					830			
0451	451	1311			701							828			
0452	452	1309		186	705		615					834			
0453	453	1314			702							833			
0454	454	1312	1120	185	700		617	191	281	477	314	226			
0455	455	1317			710		619					839			
0456	456	1321					622								
0457	457	1318		187	712		620	192			315	227			
0458	458	1322	1134	188	714		623	193		481	317	228		43	
0459	459	1326	1138	189	716		624	194		483	318	229			
0460	460	1328	1141	190	717		626			737	319	230			
0461	461	1329		191			627	195				843			
0462	462	1332		192	721		628	196			320	231			
0463	463	1339		193			633					850			
0464	464	1341										855			
0465	465	1342			727										
0466	466	1345	1148	194	728		636	197		486	321	232			
0467	467	1346			729						322	233			
0468	468	1347			731		637					857			
0469	469	1350					639					861			
0470	470	1352					640				323	234			
0471	471	1358	1157				644			496		866	431		
0472	472	1356		195	738		643	198			324	235			
0473	473	1359			740							867			
0474	474	1363	1171		742		648			499		869			
0475	475	1360			741		645					868			
0476	476	1361	1160				646	199		498	325	236			
0477	477	1372			749		652				330	241			
0478	478	1365	1172	196	744		649	201		500	327	238			
0479	479	1368			748		650					873			
0480	480	1370					651	200				877			
0481	481	1373			700							874			
0482	482	1379					655					875			
0483	483	1378			754							880			
0484	484	1381		197	755		656	202			332	242			
0485	485	1382		199	759		657				333	243			
0486	486	1388			761						335	244			
0487	487	1394			764							887			
0488	488	1399	1210	198			663	203		509		888			
0489	489	1404		200	766		666	204			336	245			
0490	490	1401			765		665					890			
0491	491	1407			768		668					892			
0492	492	1405					667			511		891			
0493	493	1408			769		669	205			338	247			
0494	494	1409					670				337	246	437		
0495	495	1416	1213		772		672	206		515	339	248		44	
0496	496	1421	1211				674	208		518	340	249		45	
0497	497	1425										904			
0498	498	1426	1228		779		677	209		524		903	444		
0499	499	1427					678	210			342	250			
0500	500	1429					680					906			
0501	501	1431			780							905			
0502	502	1430					681				343	251			
0503	503	1435										909			
0504	504	1441										912			
0505	505	1443					688					910			
0506	506	1448										253			
0507	507	1447			783		689				347	254			
0508	508	1452	1243		784		692	213		531	348	255			
0509	509	1458										913			
0510	510	1462					696					914			
0511	511	1466										915			
0512	512	1468					697					917			
0513	513	1472					701	214				920			
0514	514	1476	1272				704			537		921	457		
0515	515	1483	1283				705	215		540	353	257			
0516	516	1485					706					922			
0517	517	1488					708					924			
0518	518	1489					709								
0519	519	1500					715								
0520	520	1509					719								
0521	521	1512					720								
0522	522	1520					726								
0523	523	1524					730								
0524	524	1526					731	217							
0525	525	1544					741								
0526	526	1546					742								
0527	527	1549													
0528	528	1551					743								
0529	529	1559													
0530	530	1564					746								
0531	531	1579					753								
0532	532	228	447				97			116					
0533	533	237	449				101		59	122			114		
0534	534	236					100								
0535	535	262					113			133			115		
0536	536	265	469				115		64	135					
0537	537	312	507				130			146					
0538	538	321					134		72						
0539	539	324	497				135		73	149					
0540	540	387	547	7			163	11		167		262			
0541	541	460	558				192		106	189					
0542	542	570	652	35			236			212		345			
0543	543	588	667				245			220					
0544	544	682					287			247					
0545	545	999					450								
0546	546	1057	920				484		216	370			325		
0547	547	1068					489								
0548	548	1428	1235				679	211		740		902			
0549	549	1517	1293				723			551					
0550	550	1516					722								
0551	551	1536					736								
0552	552	1540					739								
0553	553	1567					747	218							
0554	554	1614					767								
0555	555	1623					771						487		
0556	556	1634	1400				777			570					
0557	557	1651					784								
0558	558														
0559	559				109				125	233		27			
0560	560	719			169					259	100	41	238		
0561	561				186							47			
0562	562														
0563	563								148	274			249		
0564	564									278			252		
0565	565														
0566	566									280		60			
0567	567														
0568	568	836			251	36			161		129	68			
0569	569					57			167	303			275		
0570	570									309			278	46	
0571	571									310			281		
0572	572				356	113			185	333		105			
0573	573								194	347					
0574	574				542	252			237			180			
0575	575				559					420		189	360		
0576	576	1169			560	263			246	421	269	190			
0577	577									428		194			
0710									10					47	
0712									12	14					
0713									13	15			27		
0715									15	17					
0716									16	21			30		
0718									18	31			36		
0721									21	35			40		
0723									23	49					
0726									26	43					
0727									27	46			49		
0728									28	48			51		
0731									31	50			53		
0733									33	56					
0735									35	60					
0737									37	65			59		
0740									40	71					
0741									41	72					
0744									44	82					
0748									48	91			77		
0749									49	92			79		
0751									51	97			85		
0752									52	100					
0755									55	107			101		
0756									56	110			103		
0757									57	112			105		
0758									58	113			107		
0762									62	129			121		
0763									63	132			122		
0766									66	136			128		
0767									67	137					
0768									68	140			129		
0770									70	145					
0771									71	147			132		
0774									74	148			133		
0777									77	153					
0778									78	154			141		
0780									80	159			144	48	
0781									81	160			145		
0784									84	164			148		
0785									85				149		
0787									87	165			150		
0797									97	180			161		
0803									103	187			168		
0804									104	188			169		
0809									109	194			176		
0816									116	200			182		
0821									121	219					
0823									123				202		
0824									124	232			204	49	
0826									126	237			207	50	
0828									128	238					
0830									130	240			211		
0832									132	244			219		
0837					164				137	254			232		
0838									138	256			237		
0839									139	258					
0843									143				245	51	
0851			745						151	276				52	
0853									153	281			255		
0855									155	283			257		
0857									157	287					
0859									159	292					
0865									165	301			273		
0866					277				166	302			274		
0869			798						169	307					
0873									173	317			288		
0880					342				180	329			292		
0881									181	716					
0883									183	331					
0895									195	348					
0897									197	349			307		
0900									200	352			314		
0901									201	354			315		
0911									211	364			319		
0912									212				321		
0919									219	376			327		
0929									229	398			337		
0932									232	401			345		
0937									237	408	258				
0941									241	414			354	53	
0942									242	415			355		
0943									243	418			357	54	
0945									245	419			359		
0947									247	423					
0950									250	427			363		
0953									253	432					
0955									255	433			371		
0959									259				379		
0964									264	452			390		
0969					637				269	456			394		
0970									270	457			395		
0974									274	468			401		
0979					695				279	473			409		
1008		8	213							42					
1023		23	227						30	49					
1026		26							32	52					
1028		28	238							54					
1035		35							34						
1050		50							35						
1062		62	270						36	64					
1072		72							38						
1105		105								79			69		
1129		129	354						46	85					
1142		142								88					
1169		169							50	96			83		
1184		184	435							102					
1187		187							53						
1193		193							54	104			93		
1242		242	442							690					
1257		257							61	127			119		
1288		288	500							142					
1299		299							66						
1323		323							75	150			134		
1330		330							76	152			137		
1336		336							79	155			142		
1404		404							91	172		267	152		
1422		422										271			
1429		429										272			
1434		434										273			
1438		438							96	179		274	160		
1439		439										276			
1452		452							102	186		282	166		
1459		459								190					
1463		463										286			
1465		465										287			
1468		468							107	193		288			
1471		471										291			
1472		472										290			
1485		485										292			
1488		488										293			
1500		500										297			
1502		502										299			
1508		508										304			
1517		517	635							202					
1522		522										313			
1527		527										314			
1531		531										318			
1542		542										328			
1544		544										331			
1546		546										332			
1562		562										340			
1563		563										339			
1573		573										346			
1575		575										348			
1600		600										362			
1603		603										365			
1605		605										367			
1608		608										369			
1612		612										371			
1613		613										372			
1631		631										383			
1651		651										393			
1662		662										398			
1669		669							131	242			213		
1670		670										400			
1672		672										401			
1675		675										402			
1679		679										407			
1680		680										409			
1688		688										412			
1692		692							134						
1693		693										420			
1705		705							136	252					
1707		707										428			
1717		717										434			
1720		720										435			
1721		721										436			
1728		728			172				140	261		439	241		
1731		731										440			
1737		737										448			
1751		751							144	267		451	247		
1763		763										456			
1766		766							146	271		459			
1767		767										460			
1768		768										463			
1769		769										462			
1776		776										466			
1780		780										467			
1783		783										468			
1791		791										474			
1792		792										476			
1794		794										477			
1797		797										482			
1802		802									123	62			
1804		804										485			
1809		809	800							286					
1810		810										490			
1812		812										492			
1815		815										493			
1816		816										495			
1837		837										505			
1855		855										511			
1858		858								299					
1862		862										520			
1863		863										521			
1871		871										529			
1874		874							170	308					
1885		885										536			
1887		887										537			
1890		890										541			
1898		898										550			
1902		902	828						174	320					
1933		933										566			
1940		940										573			
1941		941							181						
1954		954										577			
1955		955	897							335					
1956		956										580			
1960		960										581			
1968		968										586			
1970		970										587			
1978		978										590			
1983		983										593			
1992		992										604			
1995		995			401					350		605	311		
2010		1010										621			
2016		1016										622			
2020		1020										623			
2025		1025							205	356					
2029		1029			427				208	359		628	317		
2030		1030	938							722					
2034		1034										630			
2060		1060										651			
2065		1065										652			
2069		1069										654			
2074		1074									226	152			
2076		1076										657			
2085		1085							221	383					
2087		1087										665			
2103		1103										675			
2105		1105										676			
2106		1106										677			
2107		1107									244	168			
2109		1109							227	394		679	334		
2121		1121							233	402					
2125		1125										694			
2140		1140										699			
2144		1144										704			
2146		1146	1021							409					
2168		1168										712			
2174		1174								424					
2176		1176										722			
2178		1178										719			
2179		1179										720			
2181		1181										721			
2183		1183							249	425		724			
2189		1189							251						
2191		1191										728			
2202		1202										736			
2210		1210										740			
2217		1217	1062							438					
2218		1218	1030						258	437					
2219		1219									282	199			
2222		1222										750			
2229		1229										756			
2233		1233							260	445		759	383		
2236		1236	1075							446					
2256		1256			635				268	455			392		
2261		1261										779			
2266		1266										782			
2278		1278	1107							465					
2281		1281			658					466		792	400		
2286		1286							275			798			
2288		1288										796			
2294		1294										808			
2299		1299										813			
2301		1301										816			
2303		1303										817			
2307		1307		698					280	474		827	410		
2315		1315										831			
2316		1316										838			
2319		1319										837			
2323		1323										842			
2325		1325							282	482		844	418		
2330		1330										845			
2333		1333										848			
2336		1336										851			
2340		1340										854			
2353		1353	1147							495					
2357		1357										865			
2364		1364										871			
2366		1366										870			
2367		1367										872			
2369		1369									328	239			
2374		1374	1167							738					
2375		1375										876			
2376		1376	1190							503					
2385		1385										884			
2389		1389										885			
2396		1396								508					
2410		1410										894			
2414		1414										895			
2415		1415										897			
2418		1418			774					516		896	441		
2420		1420										900			
2432		1432	1258							741					
2436		1436								526			448	65	
2437		1437										907			
2439		1439										908			
2445		1445									345	252			
2461		1461										916			
2464		1464									349	256			
2470		1470										918			
2474		1474										919			
2481		1481								538					
2487		1487										923			
2504		1504								547			463		
2538		1538								556					
2612		1612								566			485		
2665		1665								576					
2673		1673	1452							584					
2676		1676	1449							585					
2680		1680	1459							587					
2692		1692	1471							588					
2743		1743	1533							612					
2780		1780	1593							627					
2799		1799	1627							758					
2807		1807	1646							638					
3001			142							1					
3002										2					
3003			141							3					
3004			144							4					
3005			153							5					
3006			163							6					
3007			145							7					
3008										8					
3009			140							9					
3010										10					
3011										11					
3012										12					
3013										13					
3016										16			28		
3018										18					
3019										19					
3020										20					
3022										22					
3023										23			31		
3024										24			32		
3025										25					
3026										26					
3027										27			35		
3028										28					
3029										29					
3030										30					
3032										32					
3033										33					
3034										34					
3036										36					
3037										37					
3038			216							38					
3039										39				55	
3040										40					
3041										41			45		
3044										44			47		
3045										45					
3047										47					
3051										51					
3053										53					
3055										55					
3057										57					
3058										58					
3059										59					
3061										61					
3062										62			56		
3063										63			58		
3066										66					
3067										67					
3068										68					
3069										69					
3070										70			61		
3073										73					
3074										74					
3075										75			63		
3076			346							76					
3077										77					
3078										78					
3080										80					
3081										81					
3083			363							83					
3084										84			72		
3086										86					
3087										87			76		
3089										89					
3090										90					
3093										93					
3094										94			81		
3095										95			82		
3098										98					
3099										99			88		
3101										101					
3103			388							103					
3105										105			97		
3106										106					
3108										108					
3109										109					
3111										111			104		
3114										114					
3115										115					
3117										117					
3118										118					
3119										119			112		
3120										120					
3121										121					
3123										123			124		
3124										124			116		
3125										125					
3126										126			117		
3128										128			120		
3130										130					
3131										131					
3134										134					
3138										138					
3139										139					
3141										141					
3143										143					
3144										144			130		
3151										151					
3156										156					
3157										157					
3158										158			143		
3161										161					
3163										163			147		
3166										166					
3169										169					
3170										170					
3171										171					
3174										174			155		
3175										175					
3176										176					
3177										177			156		
3178										178					
3181										181					
3183										183			163		
3191										191			171		
3192										192			173		
3195										195					
3198										198					
3204										204					
3205										205					
3206										206			184		
3208										208					
3209										209					
3210										210					
3213										213					
3214										214					
3215										215					
3216										216			198		
3217										217					
3218										218					
3221										221			199		
3223										223					
3224										224					
3225										225					
3226										226					
3227										227					
3229										229					
3230										230			203		
3231										231					
3234										234					
3235										235					
3236										236			206	56	
3239										239					
3241										241			212		
3243										243			214		
3245										245					
3246										246			224		
3250										250			227		
3251										251			228		
3253										253					
3255										255			234		
3257										257					
3260										260			239		
3262										262					
3264										264					
3266										266					
3268										268					
3270										270					
3272			788							272					
3273										273					
3282										282					
3284										284					
3285										285					
3288										288					
3289										289					
3291										291					
3295										295					
3297										297					
3298										298			270		
3304										304					
3305										305					
3311										311					
3312										312					
3313										313			285	57	
3314										314					
3315										315			286		
3318										318					
3319										319					
3321										321			290		
3326										326					
3338										338					
3339										339					
3340										340					
3341										341					
3343										343					
3344										344			301	58	
3351										351			313		
3353										353					
3355										355			316		
3360										360					
3363										363					
3365										365			320		
3368			951							368					
3369			958							369			324		
3371										371					
3372										372					
3373										373					
3374										374					
3379										379				59	
3380										380					
3381										381					
3382										382					
3384										384				60	
3386										386					
3390										390			329		
3391										391			330		
3392										392			332	61	
3393			993							393					
3396										396					
3399										399					
3400										400					
3403										403					
3405										405					
3411										411					
3413										413					
3416										416					
3417										417					
3422										422					
3426										426					
3430										430			366	62	
3434										434			373	63	
3439										439			377		
3441										441			380		
3443										443			382		
3444										444					
3447										447					
3458										458					
3459										459					
3460										460					
3462										462			398		
3469										469					
3470										470					
3471										471					
3475										475			411		
3476										476			414		
3478					706					478			415		
3479										479					
3480										480					
3484										484					
3485										485					
3487										487					
3488										488					
3489										489					
3490										490			425		
3491										491					
3492										492					
3493					733					493			427		
3494										494					
3497										497			432		
3501										501					
3502										502					
3504										504			433		
3505										505			434		
3506										506			435	64	
3507										507					
3510										510					
3512										512					
3513										513			438		
3514										514			440		
3517										517					
3519										519					
3520					777					520					
3521										521			442		
3522										522					
3523										523			443		
3525										525			447		
3527										527					
3528										528					
3529			1251							529					
3530										530			450		
3532			1271							532					
3533										533					
3534										534			454		
3535										535					
3536										536			456		
3539										539			460		
3541										541			461		
3542										542					
3543										543					
3544										544			462		
3545										545					
3546										546					
3548										548			464		
3549										549					
3550										550			465		
3552										552					
3553										553					
3554										554			468		
3555										555					
3557										557			473		
3558										558					
3559										559					
3560										560					
3561										561			476		
3562										562			477		
3563			1358							563			479		
3564										564			481		
3565										565					
3567										567					
3568										568			489		
3569										569					
3571										571			490		
3572										572					
3573										573					
3574										574			495		
3575										575					
3577										577					
3578										578					
3579										579					
3580										580					
3581										581					
3582										582					
3583										583					
3586										586					
3589			1486							589					
3590										590					
3591										591					
3592										592					
3593										593					
3594										594					
3595										595					
3596			1512							596					
3597										597					
3598										598					
3599										599					
3600			1508							600					
3601										601					
3602										602					
3603										603					
3604										604			497		
3605										605					
3606			1503							606					
3607										607					
3608										608					
3609										609					
3610										610					
3611										611					
3613										613					
3614			1551							614					
3615										615					
3616										616					
3617										617					
3618										618					
3619										619					
3620										620					
3621										621					
3622										622					
3623										623					
3624										624					
3625										625					
3626										626					
3628										628					
3629										629					
3630										630					
3631										631					
3632			1612							632					
3633										633					
3634										634					
3635										635					
3636										636					
3637										637					
3639										639					
3640										640					
3641										641					
3642			1668							642					
3643										643					
3644										644					
3645										645					
3646										646					
3647										647					
3648										648					
3649										649					
3650			1751							650					
3651										651					
3652										652					
3653										653					
3654										654					
3655			1780							655					
3656										656					
3657										657					
3658										658					
3659										659					
3660			1828							660					
3661			119							661					
3662										662					
3663										663					
3664										664					
3665										665					
3666										666					
3667										667					
3668										668					
3669										669					
3670										670					
3671										671					
3672										672					
3673										673					
3674										674					
3675										675					
3676										676					
3677										677					
3678										678					
3679										679					
3680										680					
3681										681					
3682										682					
3683										683					
3684										684					
3685										685					
3686										686					
3687										687					
3688										688					
3689										689				66	
3691										691					
3692										692					
3693										693					
3694										694					
3695										695					
3696										696					
3697										697					
3698										698					
3699										699					
3700										700					
3701										701					
3702										702					
3703										703					
3704										704					
3705										705					
3706										706					
3707										707					
3708										708					
3709										709					
3710										710					
3711										711					
3713										713					
3714										714					
3715										715					
3717										717					
3718										718					
3719										719					
3720										720					
3721										721					
3723										723					
3724										724					
3725										725					
3726										726					
3727										727					
3728										728					
3729										729				67	
3730										730					
3732			1082							732					
3733										733				68	
3734										734					
3735										735					
3736										736					
3739										739					
3742										742					
3743										743					
3744										744					
3745										745					
3746										746					
3747										747					
3748										748					
3749										749					
3750										750					
3751										751					
3752										752					
3753										753					
3754										754					
3755										755					
3756										756					
3757										757					
3759										759					
3760										760					
3761										761					
3762										762					
3763										763					
3764										764					
3765										765					
3801			23												
3802			27												
3803			70												
3804			105												
3805			133												
3806															
3807			147												
3808			159												
3809			167												
3810			232												
3811			312												
3812															
3813			365												
3814															
3815			448												
3816			511												
3817			609												
3818			624												
3819			690												
3820			734												
3821															
3822			748												
3823			749												
3824															
3825															
3826			1031												
3827			1033												
3828			1065												
3829			1072												
3830			1159												
3831			1189												
3832			1221												
3833			1259												
3834															
3835			1274												
3836															
3837			1401												
3838			1424												
3839			1431												
3840															
3841															
3842															
3843															
3844															
3845			1565												
3846			1596												
3847			1663												
3848			1699												
3849			1700												
3850			1752												
3851															
3852															
3853			1839												
3854			1842												
3855			1879												
3856			1903												
3857			1920												
3858			1951												
3861															393
3862															1859
3863															1865
3864															1867
3865															1874
3866															1875
3867															1876
3868															5910
3869															5911
3870															5934
3871															5935
3872															5936
3873															5946
3874															5952
3875															5953
3876															5962
3877															5965
3878															5973
3879															6022
3880															6029
3881															6036
3882															6037
3883															6042
3884															6044
3885															6050
3886															6055
3887															6065
3888															6066
3889															6071
3890															6072
3891															6089
3892															6099
3893															6105
3894															6109
3895															6110
3896															6120
3897															6121
3898															6124
3899															6139
3900															11010
3901															11053
3902															12062
3903															12130
3904															12131
3905															13037
3906															13038
3907															13039
3908															13041
3909															13042
3910															13063
3911															13100
3912															13105
3913															13126
3914															13144
3915															14016
3916															14026
3917															14031
3918															14074
3919															14077
3920															14078
3921															15008
3922															15038
3923															15067
3924															15080
3925															16009
3926															16047
3927															17007
3928															21036
3929															22016
3930															22022
3931															22033
3932															22035
3933															22043
3934															22057
3935															22078
3936															23014
3937															23024
3938															23049
3939															24002
3940															24072
3941															25004
3942															25005
3943															25008
3944															25020
3945															25032
3946															25039
3947															25042
3948															25068
3949															26004
3950															26036
3951															27009
3952															27034
3953															31010
3954															31049
3955															31051
3956															31052
3957															32052
3958															32087
3959															32094
3960															33009
3961															33020
3962															33061
3963															33081
3964															34014
3965															34030
3966															35013
3967															35021
3968															35022
3969															35024
3970															35028
3971															36003
3972															37019
3973															41003
3974															41006
3975															41022
3976															41028
3977															41034
3978															42085
3979															43004
3980															43030
3981															43060
3982															43061
3983															43068
3984															43102
3985															44004
3986															44009
3987															44023
3988															44055
3989															45010
3990															45019
3991															45056
3992															45064
3993															46028
3994															46032
3995															47001
3996															47005
4001													1		
4002													2		
4003													3		
4004													4		
4005													5		
4006													6		
4007													7		
4008													8		
4009													9		
4010													10		
4011													11		
4012													12		
4013													13		
4014													14		
4015													15		
4016													16		
4017													17		
4018													18		
4019													19		
4020													20		
4021													21		
4022													22		
4023													23		
4024													24		
4025													25		
4026													26		
4029													29		
4033													33		
4034													34		
4037													37		
4038													38		
4039													39		
4041													41		
4042													42		
4043													43		
4044													44		
4046													46		
4048													48		
4050													50		
4052													52		
4054													54		
4055													55		
4057													57		
4060													60		
4062													62		
4064													64		
4065													65		
4066													66		
4067													67		
4068													68		
4070													70		
4071													71		
4073													73		
4074													74		
4075													75		
4078													78		
4080													80		
4084													84		
4086													86		
4087													87		
4089													89		
4090													90		
4091													91		
4092													92		
4094													94		
4095													95		
4096													96		
4098													98		
4099													99		
4100													100		
4102													102		
4106													106		
4108													108		
4109													109		
4110													110		
4111													111		
4113													113		
4118													118		
4123													123		
4125													125		
4126													126		
4127													127		
4131													131		
4135													135		
4136													136		
4138													138		
4139													139		
4140													140		
4146													146		
4151													151		
4154													154		
4157													157		
4158													158		
4159													159		
4164													164		
4165													165		
4167													167		
4170													170		
4172													172		
4174													174		
4175													175		
4177													177		
4178													178		
4181													181		
4183													183		
4185													185		
4186													186		
4187													187		
4189													189		
4190													190		
4191													191		
4192													192		
4193													193		
4194													194		
4195													195		
4196													196		
4197													197		
4200													200		
4201													201		
4205													205		
4208													208		
4209													209		
4210													210		
4215													215		
4216													216		
4217													217		
4218													218		
4220													220		
4221													221		
4222													222		
4223													223		
4225													225		
4226													226		
4229													229		
4230													230		
4231													231		
4233													233		
4235													235		
4236													236		
4240													240		
4242													242		
4244													244		
4246													246		
4248													248		
4250													250		
4251													251		
4253													253		
4254													254		
4256													256		
4258													258		
4259													259		
4260													260		
4261													261		
4263													263		
4264													264		
4267													267		
4268													268		
4269													269		
4271													271		
4272													272		
4276													276		
4277													277		
4279													279		
4280													280		
4282													282		
4283													283		
4284													284		
4289													289		
4291													291		
4293													293		
4294													294		
4295													295		
4296													296		
4297													297		
4299													299		
4300													300		
4302													302		
4303													303		
4304													304		
4305													305		
4308													308		
4309													309		
4310													310		
4312													312		
4318													318		
4322													322		
4326													326		
4328													328		
4331													331		
4333													333		
4335													335		
4338													338		
4340													340		
4341													341		
4342													342		
4343													343		
4344													344		
4346													346		
4347													347		
4348													348		
4349													349		
4350													350		
4351													351		
4352													352		
4353													353		
4356													356		
4358													358		
4361													361		
4362													362		
4364													364		
4367													367		
4368													368		
4369													369		
4370													370		
4372													372		
4374													374		
4376													376		
4378													378		
4381													381		
4384													384		
4385													385		
4386													386		
4387													387		
4389													389		
4393													393		
4396													396		
4397													397		
4399													399		
4402													402		
4403													403		
4404													404		
4405													405		
4406													406		
4407													407		
4412													412		
4413													413		
4416													416		
4417													417		
4419													419		
4420													420		
4421													421		
4422													422		
4423													423		
4424													424		
4426													426		
4428													428		
4429													429		
4430													430		
4436													436		
4439													439		
4445													445		
4446													446		
4449													449		
4451													451		
4452													452		
4453													453		
4455													455		
4458													458		
4459													459		
4466													466		
4467													467		
4469													469		
4470													470		
4471													471		
4472													472		
4474													474		
4475													475		
4478													478		
4480													480		
4482													482		
4483													483		
4484													484		
4486													486		
4488													488		
4491													491		
4492													492		
4493													493		
4494													494		
4496													496		
4498													498		
4499													499		
4500													500		
4501													501		
4502													502		
4503													503		
4504													504		
4505													505		
4506													506		
4507													507		
4508													508		
4509													509		
4510													510		
4511													511		
4512													512		
4513													513		
4514													514		
4515													515		
5012					12										
5014					14										
5063					63										
5066					66										
5623					623										
5657					657										
5698					698										
5773					773										
